[-24.998046875, 3.1175080320495456, 0.10546788940178964, 1.5808103527816277]
[-24.982421875, 3.178398477906831, 1.3410098521131364, 1.653632046893827]
[-24.99609375, 3.1251690209078564, 1.1773243698060423, 1.5470902459532652]
[-24.9736328125, 3.172114249173274, 0.44045774003489374, 1.4986551362448643]
[-24.8837890625, 3.1291593843993564, 5.915969829729427, 4.92041936275895]
[-24.9912109375, 3.1397910504660542, 0.01910409521947017, 4.76248196543697]
[-24.908203125, 3.0789105125705793, 0.410056805823418, 1.742453150033557]
[-24.9716796875, 3.0988274512672644, 4.366522758995462, 4.639678418613261]
[-24.97265625, 3.100382863543962, 1.9546361607655274, 1.666590670174175]
[-24.99609375, 3.109091788310374, 1.978537569663446, 4.736221451493771]
[-24.99609375, 3.118114565829143, 4.780279513113299, 4.715858814190191]
[-24.9951171875, 3.1309819578104476, 3.648658062151477, 4.675977907053707]
[-24.873046875, 3.0009042926643357, 0.2614020896872226, 1.5210971514747984]
[-24.96875, 3.149911194043925, 1.1154208745614358, 4.613391290081546]
[-24.9921875, 3.114781123273757, 0.1131304668381999, 1.632433412369959]
[-24.9677734375, 3.1050036796466776, 4.3980790106638725, 1.4885357483955433]
[-24.6328125, 3.029111444670914, 3.5807027894864563, 4.392412272753238]
[-24.89453125, 3.0113172745994223, 2.6634677747787165, 4.760920073225928]
[-24.970703125, 3.2086865858027225, 5.669140586147297, 4.64782178147566]
[-24.8330078125, 3.2512885561790568, 5.908271850914956, 4.870445859541642]
[-24.9990234375, 3.129737268849958, 3.083265179729638, 1.5604353880629602]
[-24.9873046875, 3.1404300455985568, 2.448194478791607, 1.6538554080835088]
[-24.9990234375, 3.152216477919956, 3.051014289956065, 4.728571468366681]
[-25.0, 3.1353987324423356, 5.197633356499702, 1.5735907498228903]
[-24.986328125, 3.1519832257902562, 0.3367566094637402, 4.651450475981611]
[-25.0, 3.131834724061181, 0.7799974961144355, 4.721850940442987]
[-24.9990234375, 3.1451948865127823, 2.6699533072785693, 1.555467228981324]
[-24.9716796875, 3.134222335712107, 2.768518600459673, 4.820147179614897]
[-24.99609375, 3.120277226175121, 0.9749870836078207, 4.732003567932574]
[-24.9794921875, 3.152800863157418, 2.535944323273442, 4.819066455816963]
[-25.0, 3.123884219121606, 5.780064974230778, 1.5673330134762815]
[-24.9921875, 3.1207618921858025, 1.6150874586172363, 1.5027233578250152]
[-24.9912109375, 3.1477630041560003, 3.275789736214683, 4.775596322116953]
[-24.7958984375, 2.9644654727709776, 2.388375022408355, 4.6627190679014285]
[-25.0, 3.124810843844237, 3.8522998766696395, 1.5546997870205386]
[-24.990234375, 3.17161348830133, 1.8687671146220823, 1.53425816969269]
[-24.974609375, 3.1451016268998595, 1.2199416691546505, 4.812440232038079]
[-24.8662109375, 3.074355293896787, 5.620569696190364, 4.503659434306215]
[-24.9365234375, 3.1362005695384747, 2.874741137978678, 1.7545535535032974]
[-24.9990234375, 3.1418915714213043, 3.880356909050489, 1.5882478026600213]
[-24.9921875, 3.1581045173032516, 5.67953346944172, 4.675237632866981]
[-24.9609375, 3.0598909171903763, 5.368860162090609, 4.726362637676968]
[-24.9775390625, 3.13082884010183, 1.2675124729810578, 4.807755345809379]
[-24.986328125, 3.1119614171957277, 4.097461151088139, 4.785723122958962]
[-24.9892578125, 3.143510724907602, 2.069420069812217, 4.649431283259079]
[-25.0, 3.15092440580871, 6.086136820769775, 4.7447126402781015]
[-24.9677734375, 3.203109012317662, 3.0359847061376213, 4.66846381707309]
[-24.9931640625, 3.1476571756266565, 4.260518318011583, 4.652743571068099]
[-24.9658203125, 3.1689757921041593, 2.221697093903166, 1.4425622170351151]
[-24.978515625, 3.1640590745499306, 4.65889764993197, 4.8090029620097]
[-24.9873046875, 3.197133700943934, 1.320228211065257, 1.5893978329566971]
[-24.9912109375, 3.1836842213280647, 4.696265133458945, 4.707240524519819]
[-24.984375, 3.1768261628888634, 3.244788361883311, 4.784398424124233]
[-24.9423828125, 3.076644382012129, 3.2027846854596267, 4.5920699479498595]
[-24.9794921875, 3.087574836038792, 3.0899893835595202, 4.650214619735505]
[-24.998046875, 3.1548837052511884, 4.359920240236392, 4.682005281277002]
[-24.9951171875, 3.173117884138357, 2.159179400015689, 4.695692837789649]
[-24.95703125, 3.1512215584323533, 1.0043400185209832, 4.850818931414688]
[-24.994140625, 3.1108227920027676, 1.4433257758990912, 4.6733106936194195]
[-24.9951171875, 3.158941274837418, 4.595116112406354, 4.696326602610016]
[-24.9716796875, 3.1232245223604678, 3.565677380343119, 4.809383143878764]
[-25.0, 3.1333851443949463, 3.058739086222427, 4.710322126427226]
[-24.982421875, 3.1001919593930354, 4.708752455321596, 4.70866002413535]
[-24.9736328125, 3.0918209572420228, 3.7348821451950625, 4.64218170030644]
[-24.9990234375, 3.1479296913526067, 1.1844936400557229, 4.725138774615651]
[-24.99609375, 3.12575183398068, 2.5714759256974355, 1.530282042936041]
[-24.9951171875, 3.113434597353795, 2.519094091723461, 1.5535778003808653]
[-24.9970703125, 3.16315150818083, 0.7418526697621904, 1.5929710119959302]
[-24.8251953125, 3.2936298366727432, 1.8139565582632964, 4.6039788257486505]
[-24.984375, 3.107049235395753, 2.947499817385261, 4.772247186431982]
[-24.9921875, 3.129173401770951, 2.085548264692937, 4.768261537797863]
[-24.98828125, 3.1686510277939957, 2.5298176119787996, 4.772515538074249]
[-24.9853515625, 3.1800699584745082, 5.241201521559459, 1.5343346996314742]
[-25.0, 3.1268245855082597, 1.5925804128791285, 1.5814938105041227]
[-24.9892578125, 3.106889999403527, 4.53929873934399, 4.7616986178349725]
[-24.9990234375, 3.1631182153768727, 4.746177078287695, 1.5838194244935007]
[-24.9990234375, 3.1598524113524675, 2.8372043084171263, 1.5635089866046372]
[-24.7724609375, 3.118060232925982, 6.037296594639588, 1.872402303066198]
[-24.9970703125, 3.166030351024585, 2.90768372399166, 1.5696500028518334]
[-24.9482421875, 3.0532439270475895, 2.282540349312389, 4.69694396371506]
[-24.9990234375, 3.1600350288530383, 3.4555284861043765, 4.725703849257831]
[-24.994140625, 3.1259302018894175, 6.263457658795279, 4.748546318329935]
[-24.9951171875, 3.10610138742481, 0.8235173184916096, 4.728641059473034]
[-24.8974609375, 3.0146785379871557, 2.322614215482663, 4.688056111196546]
[-24.998046875, 3.172992871644838, 2.718706742886871, 4.706357907448264]
[-24.9990234375, 3.1577214534398186, 0.025643850145382906, 4.716780084684363]
[-24.998046875, 3.131087692481233, 1.9836539647263107, 4.754556050946028]
[-24.8251953125, 3.111554650106717, 6.14536697314732, 1.3029070885371157]
[-24.9833984375, 3.19831270200282, 0.3070047547773877, 1.567603130026545]
[-24.994140625, 3.159515728228141, 1.9894870384990462, 1.5294163306143933]
[-24.998046875, 3.104121845045492, 4.538487292414236, 4.69434946926069]
[-24.9990234375, 3.143631540350745, 4.0717811373150665, 4.736618639358998]
[-24.994140625, 3.141539804296445, 5.235270485813174, 1.6260128914867362]
[-24.990234375, 3.1608622736039416, 2.4457246948209637, 4.751624135706903]
[-24.9990234375, 3.149049926530632, 1.3116327490841302, 4.697223547426775]
[-24.8720703125, 3.156550447857301, 4.872870879118075, 4.946951841647039]
[-24.9931640625, 3.1242956765452217, 0.6474713438083032, 1.619693241719054]
[-24.982421875, 3.106529516354903, 0.8569926605119873, 1.504609987499188]
[-24.9599609375, 3.1256389568392464, 4.786554007709417, 1.442222415004792]
[-24.9931640625, 3.1126016805791825, 4.511316853274027, 1.5507299002948491]
