[-23.857421875, 2.893747054522837, 2.802480329133622, 3.3156125466078583]
[-24.4404296875, 2.8803758429670023, 5.825095310108999, 3.1081315288847025]
[-23.71875, 3.4405807853366053, 3.733278233705459, 6.166610501330975]
[-24.2763671875, 3.387636073109244, 0.32958291220353614, 3.0672799228472156]
[-24.0771484375, 3.0310984628868174, 5.63460168558695, 3.1086031083715615]
[-23.822265625, 0.4299143335789623, 2.9325248056769193, 6.193420288722509]
[-24.2861328125, 3.4060943333151332, 3.6712091511155025, 6.2145308881485235]
[-24.4384765625, 6.025243985645481, 0.3374983871429508, 3.138167034109256]
[-24.1015625, 0.3369014655121946, 2.697512020603729, 6.1758966353860245]
[-24.3525390625, 2.960396659500566, 5.7355216359633046, 0.028904025610405944]
[-24.3994140625, 6.014091351202571, 3.4416010307797236, 3.1601055268884735]
[-23.642578125, 3.2143309842423045, 0.8221615496119408, 3.1873799533421576]
[-24.3505859375, 3.3389996385400282, 3.6431377099211617, 6.2250408762498655]
[-23.8203125, 3.410619167795854, 0.4247656142921722, 2.939975015966843]
[-24.443359375, 6.052083014221547, 3.5336085451797064, 6.2515832657306705]
[-24.5078125, 6.021561993005753, 3.5483881622139535, 3.1736091177035526]
[-24.37890625, 6.041202648892116, 3.601017066978991, 0.06802335308358333]
[-23.4677734375, 5.890508285179106, 3.3310308037764114, 6.107256116068187]
[-24.431640625, 2.891666711392539, 5.907584327136035, 3.09369806074999]
[-24.509765625, 0.23013608954136774, 5.836045665263093, 3.175664814336567]
[-24.5751953125, 2.8354276168582273, 5.875555411986422, 3.156274678394425]
[-23.693359375, 5.783730643018776, 3.484559691295176, 6.254952175072183]
[-24.380859375, 0.24869536848897864, 5.867027745961213, 6.185653402546236]
[-23.9619140625, 0.4281974915308759, 2.9090654711071546, 3.0835280732874617]
[-24.0703125, 6.0872959876032935, 3.7064306747940905, 6.14535959229376]
[-24.0556640625, 2.7458338436282728, 5.902849097099679, 3.0691363740749673]
[-24.1484375, 2.7249190626003066, 5.971514670357602, 0.07871206644569095]
[-23.140625, 3.0770984953062124, 5.151132955295087, 3.1872265694290673]
[-24.0625, 0.14382539087083804, 5.925577793396282, 6.23275108208625]
[-24.4833984375, 2.846826235443993, 2.718702088552477, 0.04483250234612187]
[-24.453125, 5.975594583586174, 3.5821189464372707, 3.128350958303571]
[-24.2490234375, 2.9397422126624937, 5.774864751714348, 6.19186992129327]
[-24.369140625, 2.8385190007373318, 2.694473153443785, 6.274996731821701]
[-24.3603515625, 5.972180315899456, 3.446437531354586, 3.1576172168400984]
[-24.2724609375, 2.9922245397541163, 2.5250212185027507, 3.1533110586910613]
[-23.7392578125, 5.964381307630694, 0.3205148559217211, 0.2096527506426237]
[-23.931640625, 0.3618050801553596, 2.614882879422367, 0.07477094154222066]
[-24.2392578125, 5.920099928624113, 0.2817416679354716, 0.07120186719790578]
[-24.421875, 2.854482725622887, 2.6541413283802404, 3.1381225263203016]
[-24.498046875, 0.2786912991529596, 5.85797827162488, 3.0973577019751355]
[-24.525390625, 2.9091810990874185, 2.66132113891333, 0.011255116069728]
[-23.4384765625, 3.5283226622641375, 3.7376730812827024, 3.0598986750515236]
[-24.099609375, 5.971966579287341, 0.3872736845677495, 2.996357708361868]
[-24.521484375, 2.9232217353935694, 2.700603631300685, 3.1506692555769984]
[-24.2314453125, 3.324459803507129, 3.500459822178142, 6.2499811721938645]
[-23.4873046875, 5.982076438241686, 3.265874917635293, 0.08109261080168444]
[-23.9736328125, 0.4708493065074145, 2.819631153823582, 3.1499927270664467]
[-24.275390625, 5.928007411875298, 0.37276573798056906, 3.04898735575579]
[-24.4931640625, 0.28174263152881296, 5.848584266973211, 3.1371451320564]
[-24.1044921875, 3.325352985353119, 0.5906372026649321, 3.0278913318896263]
[-24.2578125, 5.988410042013647, 0.39227528657420124, 0.1323040474887786]
[-24.0615234375, 3.2592417298169094, 0.5417919536889154, 3.2019203709699546]
[-24.314453125, 2.9461832303160778, 5.919538653382462, 3.1384989043907656]
[-24.4296875, 3.3850403731544185, 3.6873983394195164, 0.03780550942389241]
[-24.17578125, 6.0224702557874386, 3.5164656659899736, 3.274444382408464]
[-24.005859375, 0.2911500926046423, 5.765805139337434, 6.116260445088651]
[-24.13671875, 5.979806610747114, 3.424421176167358, 6.160167374123573]
[-24.30078125, 2.973581741913165, 5.749493367614959, 6.203002802046216]
[-24.2685546875, 3.473257263207024, 3.5821327709655284, 3.067484361126465]
[-24.458984375, 5.964584952021688, 3.5399861734050257, 3.170487035842675]
[-24.4296875, 3.389181585671965, 3.6484345098265134, 3.1921641108603005]
[-23.751953125, 6.189412662046736, 3.9188851496546597, 0.03450331808117752]
[-24.3935546875, 6.004025513904903, 0.33741971133653853, 3.1354671861359598]
[-24.2939453125, 6.130572083567074, 0.5763728561652013, 3.162337844676777]
[-24.4970703125, 6.001659383225416, 0.4076289547486754, 3.1533390217133492]
[-24.16015625, 3.3521287280400536, 3.738805564793295, 3.2516308539581265]
[-24.123046875, 3.554351774698503, 3.4833853503442, 3.0422969312298944]
[-24.263671875, 6.0076226357662, 3.617060790666394, 3.2468308785127684]
[-24.1162109375, 5.956949250787807, 3.5317381851646354, 2.994064797835286]
[-24.064453125, 3.285237355977217, 3.62208729118413, 3.2340989849207618]
[-24.431640625, 2.884725781972778, 5.8980641173025745, 3.146720953676361]
[-24.2509765625, 2.842124907575442, 2.6042324396033716, 3.187775949432169]
[-23.681640625, 0.49639111629510063, 6.06664307686194, 6.1536434257311425]
[-24.4189453125, 2.858624854049097, 2.760671099773836, 3.225875312115503]
[-23.7763671875, 0.39348102547597785, 5.959706010633251, 6.083262752617141]
[-24.236328125, 3.4811515811455607, 0.47873593218760147, 3.2163212662574026]
[-24.091796875, 0.3331821254031082, 5.784384055157389, 3.270776267852456]
[-24.263671875, 3.3908049092259356, 3.497765203128296, 6.166646472142721]
[-24.400390625, 0.18544910136457066, 2.6678948771207227, 3.1650318009510885]
[-24.419921875, 3.373308731454704, 3.4948945325913496, 3.1931874958894695]
[-24.4736328125, 2.919577116361999, 5.825348849261485, 3.103669773988602]
[-24.19140625, 2.977829463184987, 2.7837089265139983, 3.104625546794267]
[-24.2548828125, 2.7789748527481506, 5.894286841084176, 3.2401481336093907]
[-24.2578125, 6.043269335763962, 3.5771380866651152, 6.161956134094546]
[-23.8037109375, 0.46714586830861515, 5.93798546375074, 0.06224082410903188]
[-24.466796875, 2.881531305428279, 5.857650722470468, 3.0860012253798237]
[-23.4541015625, 5.940847526924443, 3.6681167323510735, 2.9270685639085716]
[-24.2421875, 6.032691037178583, 3.693397932548398, 6.223182264164166]
[-24.072265625, 0.4270946781843369, 5.931782459991495, 3.1863190663185565]
[-24.3212890625, 3.3969280147921648, 0.2977787874998458, 6.2187617177224785]
[-23.970703125, 5.8272237957811415, 3.4621114372224033, 6.2828592549743485]
[-24.505859375, 2.9086182724663576, 2.644870402208123, 0.031505332409484055]
[-23.39453125, 5.787447575444756, 3.537104000661832, 0.18411978345646635]
[-24.544921875, 2.878512985710786, 2.693997963723431, 3.1405163833661796]
[-23.9833984375, 0.45614441106374487, 5.953564481279226, 3.2083991427970995]
[-24.4052734375, 3.369392385259996, 3.557753191597649, 0.07241876586287496]
[-22.955078125, 3.072187720007552, 2.063658097585499, 6.1839506454479185]
[-24.2900390625, 6.088780869436438, 0.433929625298249, 3.2189199352707174]
[-23.873046875, 3.2986831018961658, 3.8367518743576863, 0.1236970718538103]
[-23.6904296875, 2.801567633191973, 5.660754285357108, 3.0871827045178497]
