[-24.2412109375, 3.1702480464923637, 1.552703725592216, 3.565167846270392, 0.2756299334526819, 1.0935019627880216, 1.5190171062518656]
[-24.279296875, 6.283084227581476, 4.630249141413562, 5.371834208127252, 3.0929600588906245, 5.614405310893891, 1.6658436491678754]
[-24.330078125, 1.6321616458293469, 1.3893254179168846, 3.1980974333434515, 6.142595371164241, 2.478379579017328, 1.1388950442073824]
[-24.6474609375, 1.576992162714254, 4.585156685287056, 0.40366423131532636, 3.1092496813666646, 3.231039079129002, 1.3955298520980286]
[-24.662109375, 4.852633736289138, 3.9835728467597145, 3.2873831340886657, 6.260109152820855, 2.4224122001846147, 4.651687646054324]
[-24.470703125, 6.198958030981037, 4.2387147134923575, 6.008072095694296, 3.0573728380390404, 4.977690527259986, 1.8981985743259373]
[-24.0283203125, 4.18443775325227, 4.874536745073661, 3.558815755713204, 6.211048029284986, 1.5645599863083641, 4.339675489034943]
[-24.5888671875, 1.4614158639997974, 5.747313389238741, 6.211074698761875, 3.3293828851521323, 2.4887729670732353, 4.651809419936882]
[-24.373046875, 3.0376606759943687, 2.31210141216382, 3.065869137366543, 4.655157632638024, 0.004789728706713417, 1.2902479220296852]
[-24.509765625, 3.165658275342781, 5.174690933066048, 0.1616752417443408, 1.5494483370011674, 4.290224022967485, 1.5814520214290908]
[-24.64453125, 2.945131978265242, 5.82315052468498, 6.105701307736853, 3.0270941489274463, 4.73418024089922, 1.5418030447742406]
[-24.5283203125, 1.6012795949979555, 3.276154814525715, 0.6382166548509863, 3.102842863011904, 4.486574107791727, 1.5384915880256669]
[-23.65625, 2.5681889126150037, 6.06859012216624, 4.63187720494446, 2.8093974642806505, 3.4032971103926526, 1.3837341554280076]
[-24.4169921875, 3.569926259711073, 5.470186623546369, 0.43234557454884054, 3.0920555143452573, 3.946950169303595, 4.680719307853461]
[-24.1748046875, 3.2431829923253184, 0.5772976758856263, 3.085001402755617, 4.661859826654125, 3.594146903137192, 4.224440839825532]
[-24.9873046875, 3.145455355196201, 1.2732312302505846, 3.042305652496223, 0.020816378627959452, 4.767526188932959, 1.543054379143853]
[-24.0146484375, 0.3121225072165455, 3.5379941873906855, 0.056208329664042066, 3.2455798697437137, 4.962490586062283, 1.5546297908331534]
[-24.216796875, 2.899089573754579, 1.573628650502145, 0.8524859880183919, 3.133260251150769, 4.6959841552218435, 4.548124769550201]
[-24.2412109375, 2.1434609568155607, 6.032328681276972, 5.7052790080200415, 3.0830834390701036, 0.7575466349077028, 4.883960010931594]
[-23.6669921875, 0.16672346377478175, 3.4303352807249117, 4.058534311457436, 6.252025003921784, 3.5679736417420633, 4.561578676097316]
[-23.57421875, 2.7513186126691345, 4.990692176323716, 4.663442796017695, 6.08819776100307, 1.7323583148175214, 1.7860554083959213]
[-24.333984375, 4.730304538667445, 5.064873245329815, 0.39283242720637945, 3.0451772734064746, 5.480062192742107, 1.174752461670519]
[-24.1748046875, 1.338533606344311, 2.462097546655368, 3.219931894151911, 0.22636531244014726, 3.9392228177256126, 1.6713619401574868]
[-24.328125, 3.438011351301568, 5.961920031164717, 6.2272269222074055, 3.127933284209514, 1.3701414918973753, 1.3080819509201027]
[-24.115234375, 3.219537256555381, 1.5999779269567522, 3.348719736203875, 1.4516247627788783, 0.23417867632412123, 1.2662305259848168]
[-24.03125, 3.9548578241935863, 1.1364984569479657, 6.015370659805078, 3.2239602107380647, 4.674534524141446, 4.882142602035498]
[-24.4599609375, 4.696838085724527, 1.194348163187338, 2.758328344702839, 0.16455600892716618, 5.635399077515532, 4.651811980763839]
[-24.3349609375, 4.721937125142096, 1.146255871330619, 5.789611094344244, 3.314145345455436, 0.19258535690028164, 1.575311483677139]
[-24.7802734375, 4.821931308073246, 3.382800541050749, 6.128554943823193, 3.13714317989518, 4.488804862214035, 1.5727779093964034]
[-24.1181640625, 3.3226956286565517, 3.648641105036742, 4.351470460612193, 3.1580690668280558, 1.0388364611129763, 1.4452463075779136]
[-24.0673828125, 0.20683895319123016, 2.82008669016858, 5.801804048093096, 3.170682883414964, 2.771704763125364, 4.793113722398217]
[-24.1484375, 5.476925390288856, 4.509190375799355, 0.4106936656393657, 3.1244950574955404, 5.985533753476306, 1.4112563074392728]
[-24.28125, 3.039942500018755, 1.5658449012376692, 6.137539176288391, 4.580098131567927, 2.9741849987642834, 4.504077298836475]
[-24.4873046875, 3.1080775773091407, 3.2469062088894804, 2.9688861763971195, 1.5246206784164589, 2.6467460315084077, 1.5302116486928803]
[-24.3662109375, 6.257792572284511, 3.4022831675117446, 5.876014897093406, 3.1708089000989697, 2.962964653297593, 4.308866598299943]
[-24.927734375, 6.2603531888752695, 6.073059192164464, 6.069906782692116, 3.184682612111183, 2.724171680389734, 4.711319099738251]
[-24.541015625, 3.105926389388173, 2.024942534374714, 5.713907199447075, 3.255964726617206, 0.27023054949884034, 4.714100852416263]
[-24.6845703125, 4.632927917898784, 5.32718544986563, 5.936419246096695, 3.2083913936357593, 5.748162996441102, 1.5606994280402835]
[-24.66015625, 4.684000208833516, 3.8930218577778164, 6.117061315535087, 3.3153100328975222, 4.984410560457902, 4.706512274797026]
[-24.0087890625, 0.22322415299722487, 3.413145280477147, 6.110733998919212, 3.3197296206431837, 4.431913510935162, 1.5374211135231195]
[-24.1865234375, 1.6776586430785472, 2.324927509451387, 3.310772281483845, 6.223888143737137, 2.829490362716193, 2.0692670596283493]
[-23.87890625, 3.3146623746658856, 3.2579348946813522, 3.6865189378848995, 4.546647892037133, 5.253958135331152, 4.229571037851238]
[-24.345703125, 0.06767560371526898, 5.042876977701948, 3.1602443552795974, 0.10739195305834966, 0.9834655218712183, 1.0853043025402818]
[-24.4775390625, 3.0908123845065343, 2.916564266985514, 0.12778147185323183, 1.5332121386333555, 1.5819938525898156, 4.798181176314906]
[-24.365234375, 4.645588737904877, 4.529660457160162, 0.12051993573554262, 2.9336473889296566, 5.156718663789178, 1.2923053768538888]
[-23.9970703125, 3.3446719752737746, 4.007584707543586, 3.028695631785486, 6.01345602788887, 2.62205911286213, 4.397677037572699]
[-24.072265625, 0.3139685647671969, 5.7529161197658505, 5.411214970682438, 3.1709364365791775, 1.9714131913567494, 1.507137915838949]
[-24.7451171875, 3.160417834774234, 2.687195032851428, 2.7656547069854422, 6.189419849487643, 4.674295999561044, 4.597998141315025]
[-24.2294921875, 1.2931337530127438, 1.035806555297764, 3.329189676558045, 0.1173025922377505, 6.2331902084422435, 4.72783307250285]
[-24.17578125, 6.267884991292135, 4.061846698740852, 3.203258933710266, 6.205698920514703, 6.082248635106904, 4.09289261069779]
[-24.8017578125, 4.778516743975071, 4.127477207171496, 0.3047894472711551, 3.132262823807342, 5.034675498473503, 1.516096683148435]
[-23.8720703125, 4.3944511231569985, 4.787545452127706, 1.3330841797777364, 3.125444932609602, 2.2075722687876564, 4.713399645646065]
[-24.2314453125, 3.3915788633455937, 3.3163948074371135, 5.660451741192797, 3.1009805174431193, 5.306489677829938, 4.405261778674374]
[-24.4169921875, 3.0567485065570086, 5.43549213021991, 3.5199930925347616, 4.703967691442498, 5.099424279498655, 4.698082519368404]
[-23.611328125, 2.104434879551791, 1.26382288234103, 4.631826702057819, 0.18306012320258844, 5.510265707867485, 4.735411125571735]
[-24.80859375, 3.18800166079654, 5.96299217786747, 3.3676485697111405, 0.09530305437506907, 0.8021358774271103, 4.796370552953266]
[-24.2890625, 0.7571310758883527, 2.8799149768004177, 5.944817991762653, 3.121139101157254, 4.265470401995808, 4.634230980797693]
[-24.046875, 3.172117515773584, 2.1493602200771136, 5.69162069685627, 0.0247182924080044, 4.745133871852755, 1.6049894103955649]
[-24.927734375, 4.690575771497127, 2.985797864390134, 2.987572468744126, 6.2406687477166995, 2.1784258600929545, 4.669889516504271]
[-24.384765625, 6.160109913812024, 4.314866702650928, 0.14870094196536277, 3.0946135346182624, 2.9892734317538547, 1.3437373272715452]
[-24.421875, 1.3981087549247362, 2.462263758486327, 6.072427316292251, 3.0291366923672736, 3.101299990961271, 4.626906372987176]
[-24.4951171875, 4.145855556224627, 0.722206140146315, 3.0811922858658374, 0.11696529976244088, 1.1752249056016424, 1.6085786932816717]
[-24.484375, 0.06349294315829666, 5.8183335367734825, 5.740011295857488, 3.20458629978416, 4.308726418768659, 1.7301823209437501]
[-24.0361328125, 2.876405889791488, 5.463651729983346, 0.277247329105986, 3.0370914758187264, 6.176407191539027, 1.884054980838374]
[-24.6083984375, 3.171322568340198, 3.172388369509168, 0.3843251889889315, 3.1582031633921757, 5.1793090608611845, 4.427768849170509]
[-24.150390625, 3.0116605210532175, 5.332669339985439, 3.4281167149989784, 4.764670577405748, 0.627577889572471, 1.1836691812661244]
[-24.5419921875, 4.827276063272885, 0.9503854756309027, 3.449720691693985, 6.262650231245277, 2.1475562759604263, 4.98847500844776]
[-24.4921875, 1.6000499626845226, 2.283419411271843, 0.2669234281850046, 3.0610971579517368, 3.5411470319110743, 5.037630263129153]
[-24.3212890625, 1.4283956759726495, 4.837924191697881, 2.835064500359928, 0.0205292358003918, 2.2358183684273243, 4.974889272641081]
[-24.5966796875, 4.699475853025935, 0.7169935775235232, 5.746873450339947, 3.1290994196841404, 3.4869582039518825, 1.7809406418700802]
[-23.88671875, 2.9209351601227036, 2.5283529571406254, 1.4321978496876588, 0.5178015036851337, 4.672150024478075, 1.2668862036728883]
[-24.5537109375, 4.677454922883262, 3.7134059605937444, 0.16532019827440317, 3.2108001218449638, 3.8113313559983486, 5.121016303522511]
[-24.2255859375, 3.4210740402026936, 0.8735009615493199, 3.1622161844586625, 6.221416758308968, 5.990155888373063, 4.383430790203604]
[-24.1640625, 0.7487569631695351, 4.631778499022205, 0.8147812368178379, 3.190932276211202, 4.831306190799754, 4.388045377152192]
[-24.158203125, 2.998181236659466, 0.02739095519332675, 5.948387023264644, 3.3769181721746504, 3.756750423958929, 1.3474349729777457]
[-24.3486328125, 3.1449975533998664, 0.0020277543441563485, 0.6861395861351769, 3.1923618285253834, 2.6126141479023577, 4.804188721789119]
[-24.517578125, 3.233575069865116, 5.9422146954707, 2.9040036561817724, 6.163913721708004, 2.3070029424193765, 5.0023959854580315]
[-24.0732421875, 1.303716296390097, 3.409979668516901, 3.083142025596288, 6.233201547195559, 2.269525742946262, 4.76377213461722]
[-24.53125, 1.634907157969021, 2.6357257088239447, 6.269237845596355, 3.0398107504074536, 5.3074350183904, 1.909854956456112]
[-24.5556640625, 3.1276145832417104, 5.4002272555679625, 3.631447110873014, 0.09822500846429781, 4.626863920682736, 1.4278094010162123]
[-24.55078125, 6.177519741636028, 4.930288670272432, 6.245166041898315, 3.24524193426926, 4.060179434905537, 4.799939883501945]
[-24.5927734375, 4.774384859705941, 5.02926352878115, 5.935615732890634, 3.0697654017185143, 5.8321183429397125, 4.568051906018093]
[-24.1943359375, 3.239278032704511, 0.37129120825120215, 2.4373157328035484, 0.2769803775719314, 3.6089822089930554, 1.5595946320349772]
[-24.0625, 1.6014101457279315, 6.144875450452057, 3.8752998998739105, 6.15554219735961, 5.063510766833682, 1.4280755426140594]
[-24.5009765625, 4.877780230971331, 0.12603979159342982, 6.08586205357422, 3.1353357165310163, 0.39288099187254927, 4.61437644557594]
[-23.830078125, 3.378332802874127, 6.113725924986198, 3.2100619710734084, 3.1164315683869335, 4.074225709322259, 4.882904246907056]
[-24.390625, 3.1441957687940922, 0.6368218354687548, 0.23718179506747328, 3.3699383444328777, 3.9367488424825443, 1.3705282592770183]
[-24.064453125, 0.02952240889603844, 4.1075363390189565, 4.1230699217555, 6.229559200324975, 5.696027292831497, 1.520050141555771]
[-23.9072265625, 3.019691266155187, 6.127309438405928, 2.731500497810379, 5.068301355733326, 0.9749962179148716, 1.4248684505280487]
[-24.0703125, 3.15674121584432, 1.0009168306227443, 5.8965935637967375, 6.279637136702037, 3.4262991807388796, 4.724139438741253]
[-24.3623046875, 6.277335722384127, 2.3718435147854064, 0.3762870000663535, 3.06068901714621, 5.2188528631304605, 2.0614769417883516]
[-23.8916015625, 1.4157969084633548, 0.32097223315764717, 3.4751840474582005, 6.109561780857226, 5.504260748278922, 1.4811767823787727]
[-24.310546875, 1.689678709688772, 0.7649688722801445, 3.2788097623907326, 0.12756075203714085, 3.729475670790725, 5.141265312828644]
[-24.1640625, 3.95079490927568, 4.441517458673222, 3.5422046015211865, 6.252849762862667, 2.179245195315679, 4.588074583389221]
[-23.8994140625, 5.958512146144589, 2.8455138238088713, 5.118293439463544, 5.945098912606928, 1.4175844743016077, 1.5241959106710106]
[-24.8359375, 4.734562373323482, 1.0844779047328934, 2.898341387049331, 6.274165676908389, 1.251912094242864, 4.538302589487977]
[-24.0986328125, 3.156176647881029, 4.912492953471927, 3.2090487545146402, 1.400295244431323, 5.504718762300364, 4.883823270182517]
[-24.3515625, 2.9307481189481184, 2.6810309644788823, 5.432558902530469, 3.20213903350376, 2.8614340450719, 4.611872335884367]
[-24.275390625, 2.952266443165459, 3.1146131787974944, 2.844463231585578, 4.7872272847340165, 5.161479809139718, 4.717810437480223]
[-24.69140625, 1.6409700223178454, 5.803170551164826, 2.8871001324093464, 6.1677680357090585, 2.220273195770131, 1.4489068877850446]
