[-2.2421875, 4.369865785585612, 0.6365441274625007, 0.57508452793439]
[-2.251953125, 5.29764668135685, 3.840638661914514, 5.783387355920691]
[-2.251953125, 5.004587797148286, 0.8468103253102339, 2.5272973997678263]
[-2.251953125, 4.262418083790585, 0.6136891892333429, 0.43833436341408805]
[-2.244140625, 5.272966440590056, 3.836361810585058, 2.5883987615479973]
[-2.228515625, 4.205027208457091, 5.658066376912419, 5.606426590500856]
[-2.224609375, 5.053414298643526, 5.582806904441668, 3.8567005154055076]
[-2.224609375, 4.960266797296369, 1.0257604422592834, 5.423695503077138]
[-2.2109375, 5.15871448228837, 2.4007203397150283, 0.42229737693475233]
[-2.23828125, 1.9248579162044266, 0.6611616086333297, 2.267037574014876]
[-2.25390625, 5.118081371104504, 3.916657774245612, 2.4543326455830305]
[-2.236328125, 1.3240383850749249, 3.9615946141537393, 0.8134973250648302]
[-2.232421875, 5.162080129369598, 2.5432631265165067, 0.5570147350812719]
[-2.2265625, 4.484112055702711, 2.449874720558609, 2.4072645278159492]
[-2.20703125, 5.0588756999315105, 3.8752127260065694, 2.3694141671116467]
[-2.23046875, 5.138520936898227, 3.9794611479435438, 2.697973570226828]
[-2.283203125, 4.358047086187313, 5.452449898638286, 2.514937599529641]
[-2.2578125, 2.0279769011923623, 2.5219210499373634, 0.6241710061554361]
[-2.25, 1.2193856003802284, 5.418199519256312, 2.273233198020771]
[-2.251953125, 4.352082084207302, 0.8798982443820168, 0.8325296385899801]
[-2.234375, 1.9463934536155967, 3.7848119499265813, 5.561463550683705]
[-2.26171875, 1.156958003330858, 3.9771579446754877, 0.6531957768981921]
[-2.244140625, 1.869727798735108, 0.7896255523878698, 5.694288273434915]
[-2.25390625, 1.1637019437932183, 2.416997692571584, 5.553730399668379]
[-2.251953125, 5.218501973727112, 3.723720714625189, 2.596015027700268]
[-2.228515625, 4.075134966567924, 3.653689618677174, 0.28158506226056257]
[-2.220703125, 1.2899910692203866, 0.8741287892925593, 0.43801779611165886]
[-2.279296875, 5.1850216273208085, 3.866982937560374, 5.545635648975875]
[-2.220703125, 0.8446756702273774, 5.7671168923199785, 2.6081862786273398]
[-2.224609375, 1.0339434060445967, 5.678443817173702, 2.688538600981076]
[-2.248046875, 4.380907970859231, 0.6124288930838908, 3.93305843030665]
[-2.2578125, 4.1727561004661196, 3.800747089825837, 3.7418525414005273]
[-2.251953125, 1.2065126665033619, 3.8701818530643814, 3.6780401648956724]
[-2.25390625, 4.479167111165361, 3.9112737888279017, 0.775018473826771]
[-2.234375, 4.178517183079742, 5.638816624173792, 5.725980831532092]
[-2.2265625, 4.3699746155771235, 5.636728346818408, 5.537102442235966]
[-2.236328125, 4.32937736229836, 0.729772494170888, 3.716596513464681]
[-2.2109375, 5.20983791142027, 3.5932460194018456, 5.749526838836434]
[-2.236328125, 5.320864541650835, 5.6489907000184045, 0.43583650850795175]
[-2.24609375, 2.044490329794993, 5.554174487873169, 3.913132311725058]
[-2.234375, 4.306331278137633, 0.5924832537615294, 0.6117727476396071]
[-2.26171875, 2.080127203997825, 2.3972775728905202, 0.720739990379826]
[-2.234375, 4.377722271182356, 3.716058984883561, 0.7638869369742907]
[-2.236328125, 4.392927399246312, 2.6081559106522985, 5.7407749579398395]
[-2.248046875, 1.2435835828456159, 3.835406662570058, 0.8547189858495485]
[-2.28125, 4.186274935857931, 5.570404995902572, 5.629597253217332]
[-2.234375, 1.1265310663595214, 2.5146653323570733, 2.4505456297112476]
[-2.23046875, 1.1477757047897668, 0.7518317425939712, 0.8472851254474496]
[-2.2265625, 2.1529028545434734, 2.5154926799487782, 3.5558702383074126]
[-2.234375, 1.0846331445250095, 5.698228737849803, 2.595511211500029]
[-2.234375, 5.0599602811779345, 3.9819783836019242, 5.63948210231078]
[-2.21484375, 4.104066256819322, 3.6942925828223037, 3.5503211343539]
[-2.27734375, 5.014403743875816, 2.3613300203423595, 0.5877326789452804]
[-2.22265625, 1.7895913813961044, 5.520900468281317, 0.9069626428205679]
[-2.208984375, 4.2201592712690665, 3.6815816080169586, 3.5479243904451745]
[-2.216796875, 4.41433850034368, 4.174271925005221, 3.9792720140671265]
[-2.2578125, 1.059411356762205, 3.8792384442354493, 0.667272605790344]
[-2.236328125, 5.154152081880947, 0.6432069568480309, 5.810422502263868]
[-2.240234375, 1.1838900044479523, 2.414691962319311, 2.6630062312342475]
[-2.255859375, 5.105954496657909, 5.438542404296635, 3.840196072189144]
[-2.205078125, 0.9139048384578998, 2.5650006768438245, 5.639061483008927]
[-2.224609375, 1.8228318683964877, 0.7418259753106721, 2.4524172578732943]
[-2.248046875, 2.1397664424823253, 5.582848172552063, 3.757629656726076]
[-2.236328125, 4.291559934605363, 5.627604958830004, 2.458491758519483]
[-2.275390625, 4.25718621332638, 2.481452752120033, 2.438149965412881]
[-2.23828125, 5.210220696016524, 0.6580288921412277, 5.761086064319252]
[-2.294921875, 4.420051987163249, 2.519091828093458, 5.799304391268258]
[-2.25, 4.250623215692749, 3.753300245799349, 0.6428162635303425]
[-2.232421875, 1.8177220246446038, 2.1554426096201347, 0.9981468129070363]
[-2.216796875, 4.931630040394076, 0.6914995914485224, 2.3841370197388083]
[-2.248046875, 1.1449053195437329, 3.923671088396672, 3.6693918942284123]
[-2.2734375, 4.123647531748797, 5.53081770351197, 5.702971532153521]
[-2.2265625, 4.4685053200766145, 5.628157780138381, 2.667007009993475]
[-2.25390625, 1.023273425496452, 0.5549176765037888, 3.6688591169726106]
[-2.25390625, 1.9303731564067776, 5.378908915088943, 3.962853411690313]
[-2.2265625, 5.195238455741051, 3.7863245114247848, 2.497183107620298]
[-2.2421875, 1.970228023648857, 3.8916805142582134, 5.72749385176867]
[-2.25, 1.0312007259913871, 2.5749424755804142, 5.81679702687523]
[-2.228515625, 4.480149753908866, 5.573215755062467, 2.6374099980970644]
[-2.23828125, 2.0401363544648023, 2.518975707781434, 0.8501475547582504]
[-2.259765625, 4.257785753156702, 2.442520546021064, 5.714022420188723]
[-2.25, 4.001840988663891, 0.49708560243862915, 0.5336270988251074]
[-2.265625, 4.349179957602421, 3.965797378097114, 0.6976586933127946]
[-2.232421875, 1.9580240873194708, 0.7335356723468351, 5.660723125616004]
[-2.23046875, 5.064636389453716, 2.2751229871025687, 0.633697769798596]
[-2.240234375, 1.111544173819581, 5.481757154362487, 5.5210277986434155]
[-2.25, 5.051216449092081, 2.634290805093491, 0.6264023130534271]
[-2.25390625, 1.053478923230882, 2.507441691551278, 5.838867007712556]
[-2.240234375, 4.257130402692953, 5.672848133420658, 2.414463564091768]
[-2.265625, 1.0242123191966803, 5.554774762904891, 5.742453403530037]
[-2.2578125, 1.886563019892072, 2.428011327110172, 0.7756543266729793]
[-2.2421875, 4.33925665186343, 2.318717128078945, 2.4473649868965417]
[-2.23828125, 4.151823146442454, 2.508894886569559, 5.732178649419924]
[-2.244140625, 5.359385521608452, 5.5874107812931735, 0.5424212844114285]
[-2.259765625, 1.0650914209373246, 3.9699504333063294, 0.7775879700548453]
[-2.244140625, 4.28083805155972, 5.485586995126969, 2.4932699319570313]
[-2.265625, 5.163915243920185, 3.83609537917842, 5.60199308982814]
[-2.234375, 1.8092900457468033, 3.8986875266228096, 5.410654388150308]
[-2.2578125, 1.1057661522788786, 0.8160757804060765, 3.7576946954056436]
[-2.265625, 4.35533903805001, 0.6431092675823251, 3.849507335495095]
