[-3.943359375, 0.2808710524476556, 5.258044956172488, 2.9810575042684295, 3.260270366193532, 3.9488245240747624, 4.714684480158026]
[-3.734375, 5.832579820785142, 3.5532974172150884, 2.9112797474688814, 0.10859601183069441, 1.929210710717867, 1.5122179208789919]
[-3.564453125, 0.10084490571033239, 1.98053004753649, 3.652865853536091, 3.1915144635948627, 2.6337482955685045, 4.434743938972796]
[-3.853515625, 2.710769185429168, 0.6522150814788956, 2.975181286110391, 3.0201476523021125, 4.515885109578767, 4.728135019146454]
[-3.630859375, 2.6512305048838485, 3.2820976527810015, 3.1384827730461096, 3.1580555045795156, 2.7907268156683482, 1.3935748090212112]
[-3.5234375, 3.1967591175783547, 5.896605217744896, 2.544158554679079, 6.074031268616275, 2.0525095868662335, 1.5386319223557092]
[-3.609375, 6.13280710521193, 4.1238017958461475, 2.8320377207685685, 0.44118491212440164, 5.86874310426433, 1.3669853708221045]
[-3.951171875, 2.9639811287998588, 0.6950098838344918, 3.0896277284416884, 3.1182166148111885, 5.2679575909605285, 4.766712237290246]
[-3.58203125, 2.9999270215791367, 1.8801105878545585, 3.1937864937909164, 3.43198097159207, 1.6531073242781913, 1.199986040937229]
[-3.97265625, 3.179121666234294, 2.3303371839312037, 2.9795008582069546, 3.1272847460056092, 4.29295389338672, 1.6032882485483546]
[-3.876953125, 0.19562069688985148, 5.848552044963635, 3.0886103625199794, 0.248598173096627, 0.28210631923582435, 4.692869015700485]
[-3.91796875, 3.1261064569443366, 4.307220526913674, 3.0002044376228914, 3.071858619720827, 5.272711860831322, 1.3920091402437496]
[-3.828125, 2.8143047741572453, 3.298091871092911, 3.046942195899515, 3.2768957132489027, 5.732935724887994, 1.5805612756797025]
[-3.884765625, 3.0375529021785503, 1.336113543072231, 3.0474510634195777, 2.9247227204788757, 4.582783030588404, 4.8062546787252725]
[-3.28515625, 6.223082809539668, 3.0407266541834277, 2.8647645256651595, 0.5931621855403119, 1.5611243153723435, 1.8115908873277438]
[-3.1171875, 0.21803062999749953, 2.0261760729918366, 3.1510078483873016, 3.2869913837027243, 0.780592594222479, 2.3084168341896873]
[-3.1953125, 0.10530104172715864, 5.867232116739565, 2.2684599461058834, 0.10784176172843653, 4.479978192251043, 4.86264097396976]
[-3.140625, 1.1376037372262435, 0.970069159945844, 3.6956580569676074, 2.8207009773087623, 2.7313959075567005, 4.625469889764453]
[-3.623046875, 0.2980693136001331, 4.871585891889343, 2.7210483766605695, 2.9465332681102834, 0.4018198830784803, 4.405167199211563]
[-3.93359375, 2.9424128650650423, 5.233938906967955, 3.3448657870028313, 3.102280100481757, 3.5437577374065925, 4.565503172155445]
[-3.2109375, 2.1853578947170886, 5.704559478455768, 3.682199605028949, 3.247919863461272, 3.803079157380194, 4.716757956789957]
[-3.45703125, 5.827733350302951, 5.319429116581151, 3.7966498058963594, 6.0743236036606705, 4.296642741917206, 4.67968550987972]
[-3.55078125, 0.0021070208021795973, 0.6195556246694129, 2.8091486208135046, 3.0555195533711377, 0.2631239612541692, 1.8846733136556089]
[-3.380859375, 3.060191245469464, 1.365528500356529, 2.4351923356205245, 6.184582906409789, 0.9204722147000484, 1.5843881041211745]
[-3.53515625, 3.2886654738238734, 3.2446834974859176, 3.5189585645533907, 6.038824797783305, 4.191182740225673, 4.916778877547533]
[-3.361328125, 0.45662473882679966, 5.899007866182729, 2.8525638234730804, 0.43759685737466814, 5.083814203127546, 1.2078848485838183]
[-3.41796875, 3.7587274698299793, 5.5915154985935365, 2.6555215075142353, 3.4248907647620714, 5.688625650505784, 4.145206806358645]
[-3.677734375, 2.9953719931993508, 3.971579865096517, 2.785917140674221, 3.4935255249791344, 5.487611136812766, 1.284291882835668]
[-3.9375, 6.0369717765106214, 1.1456299225186897, 2.9661719717118236, 6.193574480352527, 1.7131372005537648, 1.5505200942525355]
[-3.427734375, 5.8779396035663165, 2.8581001994031916, 3.19958988356792, 3.5981543202215955, 3.1576892098249822, 4.875946628098109]
[-3.62109375, 5.94830652064985, 3.032935232371746, 3.597636635371609, 6.185706653201455, 3.941833068876287, 4.805218552720551]
[-3.80078125, 3.2988387563452783, 3.639501403014284, 3.3756607053423444, 3.4360299835234684, 3.3173667881452733, 1.6083014777303877]
[-3.408203125, 5.828522406894284, 1.5421655591949628, 2.6301277877664084, 2.7530520889818284, 5.439161010230947, 4.672027177167618]
[-3.41015625, 2.7898485112062956, 4.207778785144066, 3.156701604010408, 0.22969688680311012, 2.2679144869676837, 4.25917209287982]
[-3.82421875, 3.1620719389070464, 4.235143680674708, 3.15729517460895, 0.3439455898654314, 4.300980567092893, 4.785330906640613]
[-3.705078125, 6.131443429062153, 2.8772425286602585, 3.120083905746334, 0.2661152151580797, 3.3974506572450247, 1.9115002270246795]
[-3.212890625, 6.239545073960845, 1.9338530398017568, 2.3099799257487854, 6.271345769064535, 0.44641110953895197, 1.4481976450856124]
[-3.755859375, 5.823797536256794, 1.1512454553714169, 2.6797820210653294, 6.0121520904706, 2.792339256396238, 4.9563686777130185]
[-3.80078125, 6.120975187664018, 1.1272154618307382, 2.797718711670449, 3.006525252369963, 5.656782101644186, 1.3342539482391713]
[-3.244140625, 5.927268134783832, 5.111275393195454, 3.37624326047394, 6.048185597070857, 2.2281309272159664, 4.243394545766321]
[-3.701171875, 5.974367367955997, 2.275221892322942, 3.603824560485524, 2.916824803415751, 0.23908570378491595, 4.8212507303690675]
[-2.98828125, 0.6155308328334971, 1.0743051108152983, 3.5704943713995054, 0.5279746710025595, 2.8422319011764725, 4.467597128607298]
[-3.642578125, 2.6079723591684782, 5.6522719607880765, 3.3441530216592112, 3.343114503780081, 2.0923383133619784, 4.8751846438583355]
[-3.572265625, 2.5427783944114895, 1.9988959135653324, 3.320032853683509, 3.033613286576344, 2.757508850567053, 4.722140213997816]
[-3.509765625, 3.415034928540309, 2.9927961591585706, 2.9254494038668395, 3.1389580430827353, 5.337686982584787, 2.00250200864114]
[-3.845703125, 3.100408721505032, 0.17933069592082201, 2.926959264357397, 0.20911380784477918, 4.80802390407012, 1.4502383946568649]
[-3.62890625, 0.17605389466635893, 2.366863000440513, 3.122533316852726, 2.7367616528548946, 0.1274849972514459, 1.7082496741985003]
[-3.126953125, 2.732889105036628, 2.747727770823426, 3.522007817859468, 6.028623719982271, 4.220993162368419, 5.225444049941207]
[-3.19921875, 0.8617947717912346, 0.2630456233577501, 3.0525616552299604, 5.958974927443478, 3.2868648214033573, 4.770413291729575]
[-3.431640625, 0.25094927441562936, 3.8080445638756353, 3.764883265461044, 5.983746661399035, 3.863355476918598, 1.7344032312598263]
[-3.478515625, 0.10559625464972992, 0.45504272570580073, 3.1960036893616897, 0.559409890777139, 1.5947736600480302, 1.4562856711702779]
[-3.39453125, 2.910954567468423, 2.101146505954269, 2.948080357992831, 5.789173359849964, 3.684501480885077, 4.583050973899748]
[-3.388671875, 3.642309904061336, 1.7051372495291715, 3.5977768503059675, 3.0223614911409205, 2.1055350274702738, 1.5151162787907724]
[-3.1953125, 3.2634893245437038, 4.452907574321982, 2.902004031450744, 0.38235873074768395, 3.432386409192762, 5.3216436152864395]
[-3.291015625, 3.408164926378785, 5.317295295943168, 2.2832890954478797, 6.248895835677223, 3.1946217910009937, 1.4888478362684519]
[-3.90625, 0.25676043908397916, 2.447473692454791, 3.12358610759489, 3.161153847745432, 5.413631405374944, 4.6608532436042065]
[-3.677734375, 3.5536703488914245, 0.11941730677394574, 3.433163937348674, 0.21785419500340122, 5.396644472095449, 4.827602224890698]
[-3.55859375, 2.895105684091884, 3.186431824595033, 3.4076530424652525, 3.005095390444196, 5.760184980778216, 5.131339193375402]
[-3.54296875, 5.59091743888815, 0.8311051021382765, 3.0033898232701612, 5.974900353902291, 2.584708935134492, 1.7675582879074525]
[-3.548828125, 3.3780989277984155, 4.348558033262495, 3.415020374721871, 6.141227235913794, 0.44036155026819435, 1.1888679653948777]
[-3.21875, 3.539714550674021, 2.6071283929856466, 2.4060969167403115, 6.225771403680474, 3.4448796200794454, 1.3416913821031657]
[-3.462890625, 0.09039245531222471, 4.588733330689155, 3.068655201632159, 0.5360028332327768, 3.204534749374281, 1.7963400438169828]
[-3.3359375, 0.24893312964810438, 6.081481620133007, 2.6922905366132777, 6.0140744305447384, 5.769415249855125, 5.123964554760703]
[-3.642578125, 6.20006926862009, 1.0645365060989296, 2.869695268105903, 3.2547909859252044, 0.0073731570518931035, 1.1112361121348882]
[-3.833984375, 3.211382623471627, 5.095722864358863, 2.7697694058204627, 0.03131801109102036, 1.9916634591266629, 4.723621009698573]
[-3.609375, 3.009775361791689, 2.628283740706768, 2.9161833065845237, 2.786431570590186, 3.751764920332215, 1.4678333704135973]
[-3.869140625, 6.237860492286111, 3.254913966465579, 3.1151488013440853, 0.26611456870286276, 2.8593104673315666, 4.736596320098249]
[-3.931640625, 3.299642760741375, 2.9396407275656182, 2.9499134571662458, 3.168956273460619, 3.540867364865442, 1.5832940693395958]
[-3.615234375, 3.7035120421854493, 4.386909384081074, 3.481016044621007, 3.000449052320577, 4.428022665775755, 4.885896598898833]
[-3.193359375, 0.2826692227312384, 4.184923202939563, 3.1810595821290453, 6.241027666398502, 2.9811741107218808, 2.2064459613127787]
[-3.83984375, 6.027220762332083, 1.9680793752668644, 3.1490342120836807, 3.3596487755697066, 1.83004581225626, 1.5109918989979298]
[-3.775390625, 5.973005547841994, 3.0217364860247415, 3.3852269462654307, 2.9722067098369154, 1.949169763592259, 1.6406166500542085]
[-3.21484375, 3.408878823258669, 4.7847742455184425, 3.5137938735667222, 2.534431389614534, 4.189498555998801, 4.5043206959757445]
[-3.375, 5.490007113305543, 4.073098306200838, 2.4442356347560885, 5.8630478952763445, 0.1722903970128797, 1.6479987951437314]
[-3.736328125, 3.0569033883271515, 3.2599662425118248, 3.0409032711949093, 0.38559176035618076, 3.1576786115755264, 4.801429361730129]
[-3.75, 3.5923631135747134, 5.08119840595485, 3.007729375709438, 0.06915793664697524, 0.5973105732363319, 1.6547045558647013]
[-3.404296875, 3.050249004746754, 1.2535111560119443, 2.9544602212649473, 3.207516917953993, 0.32664669793995754, 2.0990890764904813]
[-3.306640625, 3.211895245373719, 5.709672323550142, 3.2782261840500766, 5.7043617463764145, 5.205429780668386, 1.9549371412635896]
[-3.482421875, 3.7308503547423353, 0.3342772762745492, 3.4927150558642985, 2.7911136973265562, 2.245298759328871, 1.6113042923264551]
[-3.548828125, 6.029045401154161, 1.801783737743463, 3.354377793757016, 6.233022076968963, 1.5512196412819699, 4.320306853647207]
[-3.51171875, 2.8769339613057006, 2.7470643857530828, 3.583586904587279, 2.9187669425292664, 4.284960190441271, 1.8659004689354588]
[-3.599609375, 5.932068006422543, 3.1417611354888066, 2.7312396918774446, 0.2030869810793696, 5.49349044468457, 4.713180912829321]
[-3.41796875, 3.180090034431224, 2.4717795016013433, 3.5657544285895852, 3.418587945961959, 4.4936372610014255, 4.456791246248694]
[-3.74609375, 3.515151813032316, 4.11754172445574, 3.5621163169987633, 5.891570899335559, 5.696112470081846, 1.7555170409212102]
[-3.63671875, 0.4114209283927823, 3.3393812879146636, 3.424391175908168, 0.28397024308885693, 1.0662261514737656, 4.8270646626427665]
[-3.6875, 5.885204733725012, 0.5579241454258456, 2.6985497556381777, 2.950033485298893, 1.6082342747572034, 4.596149322616666]
[-3.888671875, 3.005166723120256, 0.15362056440927707, 3.282535094729357, 3.2569390469407584, 3.860534813444905, 4.767856979329635]
[-3.6796875, 0.26507511959094965, 3.9562191410937513, 3.017244675178288, 2.8495638940637167, 4.535652144238503, 1.7167631959789227]
[-3.76953125, 3.361442583981769, 2.9130899571034754, 3.412299141368121, 6.273416953258274, 5.491966208266669, 4.78062583577697]
[-3.48828125, 0.4787865566904429, 5.7895784019734, 2.740408218657041, 2.8510242683104914, 3.6710412804880397, 5.026011572111364]
[-3.58203125, 0.3278973537897678, 2.554622757978738, 2.763512530075133, 6.0715512946821715, 2.78127877578689, 4.515875396094951]
[-3.166015625, 2.6099696507336416, 3.9061197713092244, 3.1742261951341857, 2.4692288405260823, 2.123145071794259, 5.129396619674408]
[-3.603515625, 2.8073886466073508, 3.240376802075131, 3.115871770771946, 0.36996429423305965, 5.231472218050267, 4.5288775952176215]
[-3.357421875, 2.5167389044670756, 1.1210768529672062, 2.336952462545286, 3.039533720043155, 1.3165584122447667, 1.808401861743054]
[-3.853515625, 3.1061314140989245, 3.208070838776576, 3.2678965390803345, 3.298535502843513, 5.759383396022175, 4.87677587962556]
[-3.216796875, 2.758251063716528, 0.5258208079749678, 2.8103340365017395, 2.4661922958727507, 2.5683840911891997, 1.6147696324407017]
[-3.732421875, 3.6073164948720455, 5.264155050314546, 2.869029048871569, 0.34127517320827866, 0.7779844791801314, 4.820300051034969]
[-3.587890625, 2.4727842958707993, 5.268880847280351, 3.7321318575152493, 0.30861726722232546, 0.19841702886720525, 1.9412270862219334]
[-3.697265625, 3.386628513749854, 0.5171679544929372, 3.640592400816692, 6.137434695756906, 1.0478355750958273, 1.4853458775036594]
[-3.6796875, 3.440735895191736, 0.20281342379562015, 3.614117899644753, 3.2220083409066915, 1.8086142412432225, 1.4490908534012947]
