[-2.974609375, 5.492829332256842, 3.8698658248251165, 3.097811851260046]
[-2.97265625, 3.99534897113688, 2.423060733235806, 2.961638316689219]
[-3.0390625, 2.2598538872160865, 0.8365498680957302, 3.10206836922749]
[-2.953125, 2.1396141652197045, 3.9650045682855275, 6.214939518245983]
[-3.041015625, 0.7613415440265574, 2.3422650234365547, 0.0517248338423611]
[-2.84375, 4.057942252256509, 2.3319049302711163, 0.310255911221303]
[-3.015625, 3.9582497738495848, 2.2682981366166297, 3.100809233574622]
[-2.91796875, 2.3875245603591893, 0.5885136648146617, 3.0604998585972334]
[-3.0078125, 0.9175187672864398, 2.337706136726392, 6.2669849357947065]
[-2.958984375, 5.397651104548391, 3.952587314885832, 3.386860612977097]
[-2.96484375, 3.745635785173144, 5.485534166567263, 0.03344764104085149]
[-2.947265625, 3.921080264490726, 5.612914243862337, 3.2992791093123817]
[-3.03515625, 2.3240323631460615, 4.020933602486133, 3.140112621112695]
[-2.88671875, 2.4169545229604523, 1.075544651273046, 6.252194726695795]
[-2.98828125, 3.7908657330555973, 5.710803952268966, 3.1645566010579556]
[-2.97265625, 5.413882724615939, 3.933075545542367, 3.2320364940956736]
[-3.0, 5.602785420325527, 3.886211559888356, 3.0861140242993828]
[-2.986328125, 5.514681826344661, 3.7624462024989516, 0.08597616492100446]
[-3.03125, 0.9106902686059922, 2.4312220997746983, 3.1639438413973893]
[-2.984375, 3.8262000405121417, 5.512728834116177, 0.07438986339106869]
[-3.01953125, 5.463237616745311, 0.6776073271300179, 3.053759279970854]
[-3.06640625, 2.2473854526683263, 3.943396361151928, 3.1224853853802412]
[-2.953125, 5.58869351760555, 0.9200781765409125, 3.1914964858981634]
[-2.865234375, 5.478741413623495, 4.230649139013534, 6.244075093259455]
[-3.03125, 4.007267423334903, 5.460493898113443, 3.1804321676312557]
[-3.03515625, 0.8583187219929023, 2.229230629582334, 3.1265909630560293]
[-2.974609375, 3.9228121823222692, 5.40058361867004, 6.155987615764173]
[-3.037109375, 4.00561590676946, 2.347755741588156, 3.076084978042055]
[-3.03515625, 0.8690030858882567, 2.304094500883257, 3.187952803423081]
[-3.060546875, 3.880927928789223, 5.437113140234674, 3.062820266151955]
[-2.98046875, 0.7949520309179597, 2.5226389636041047, 3.177422102689448]
[-2.876953125, 0.9840166529758045, 5.624612382371139, 2.8607833162747163]
[-2.96484375, 0.8176254498348494, 2.2131345623383427, 0.17799552049257245]
[-2.95703125, 2.5498035210323566, 3.8232264840439925, 3.1524649918807226]
[-3.0078125, 5.370710718647039, 0.872334930544028, 3.058385803113167]
[-3.03515625, 3.8744645007556553, 2.3926231795824684, 6.2788598671915]
[-3.046875, 0.65927006923229, 2.3249438031372898, 0.071928018200178]
[-3.00390625, 3.7856602077253654, 5.566908161049042, 3.0928776646898193]
[-3.015625, 0.8140176214384653, 5.35380590563942, 3.0702690719497125]
[-3.01953125, 3.8271960505978497, 5.5086554804493755, 3.1233900784729545]
[-3.01171875, 3.9424763589204215, 2.230862279200003, 6.221054380893055]
[-2.884765625, 3.9475272225257148, 5.614139643680728, 3.428722367097976]
[-2.943359375, 0.7593803827867879, 5.704409604174258, 6.242779550390153]
[-2.951171875, 2.127386101009332, 0.7043825494305719, 6.27661998834845]
[-3.01953125, 0.6659336976279767, 2.4563794923619127, 0.07167223328963584]
[-2.853515625, 0.5911511539257877, 2.3300725077687305, 3.3531887606833783]
[-3.005859375, 0.6302625159026162, 2.3766835466156326, 0.03754102953491216]
[-3.046875, 0.8965615925693232, 5.539148721051874, 0.09060922476225802]
[-3.025390625, 4.021113727992746, 5.633430616178147, 0.01985944754532295]
[-3.01171875, 2.305159911022216, 0.7361427597683676, 0.0611967228654563]
[-3.037109375, 2.3529748841280798, 0.6576151936673261, 0.08562329397439254]
[-3.05859375, 2.4301393984616277, 3.807562653681983, 0.035061876992623545]
[-2.98828125, 0.6610208575145781, 2.3464785042383363, 0.16188649630748833]
[-3.041015625, 0.7988014844956447, 5.518495602932813, 6.275555276374061]
[-2.90234375, 4.125302090200297, 5.297312355182099, 2.968653918146975]
[-2.95703125, 4.110086181364934, 5.449542140970989, 3.2176039740171833]
[-3.001953125, 3.8518599705449765, 5.320133892992972, 6.2186489385779975]
[-3.01953125, 0.8407447534478703, 2.303952624695524, 3.1778386638482212]
[-2.978515625, 0.6327425836048614, 2.3281848150117885, 6.152208030278948]
[-2.982421875, 5.400445736366674, 0.8101467894526843, 3.172821140261399]
[-3.037109375, 4.028239759212244, 2.4494102314772195, 6.216606006652531]
[-3.02734375, 3.865048265611758, 2.3382545953821756, 0.08332881562413161]
[-3.05078125, 3.9922577523427285, 2.2816358533692904, 3.237446385513016]
[-3.044921875, 2.265338216694672, 0.7453804523701432, 0.0039054059865983666]
[-2.98828125, 3.9813134614455485, 5.418623109791324, 6.27597090425591]
[-2.99609375, 2.340938747686423, 0.7476694702614473, 3.20051011534288]
[-3.046875, 4.026076159409188, 5.424251566071986, 0.058182223342176854]
[-2.91796875, 0.6227610248101092, 5.44441468186353, 6.147739674148178]
[-2.86328125, 5.419681347314979, 0.9605564412574824, 0.2348641206529409]
[-3.00390625, 0.7425893913730254, 5.533991928829591, 6.182147497236785]
[-3.0, 0.955061455507409, 2.3368183571954995, 3.2221738494808054]
[-3.0234375, 2.3111540735327285, 0.7864412415505122, 6.254553046346322]
[-2.951171875, 2.220390325091057, 0.9324997651655756, 6.175082922069427]
[-2.990234375, 2.4148705384363622, 4.091931725954292, 6.238190015855965]
[-2.962890625, 3.7921586925179387, 5.561441780436607, 0.11255521342538757]
[-3.037109375, 5.471237309888812, 3.929439445073341, 0.08712855722933378]
[-2.94921875, 5.622662639980297, 3.8524558636014676, 6.1759519486520285]
[-2.90234375, 3.6851938232749406, 5.545863824743451, 3.2491333135164826]
[-3.025390625, 0.8097027931661529, 2.4927919594707517, 3.168121616164622]
[-3.0, 5.504041779826908, 4.039720256386461, 0.014034488617467917]
[-2.998046875, 3.869377198471912, 2.3831295181610543, 6.167660500640896]
[-2.9609375, 0.9836827162928967, 5.543955350713874, 3.091213330525094]
[-2.951171875, 2.5172418840551405, 3.78912305528029, 3.1272669172607994]
[-2.8984375, 2.6046857299662443, 4.040325988637909, 3.1363750939665778]
[-3.041015625, 2.3434498737606617, 0.8433091028865847, 3.209810004080805]
[-3.025390625, 5.503423334237645, 0.9580110680562914, 3.0601495608128424]
[-3.0625, 0.7686838647911906, 5.476084136552923, 3.220346605088645]
[-2.962890625, 3.9809517095807774, 5.619151118799496, 3.007910475015923]
[-3.015625, 4.067527454426163, 2.3633059940598007, 6.273402053271962]
[-3.0625, 0.7524217598261045, 2.390752872666542, 3.092756219789399]
[-2.978515625, 0.6481850262323126, 2.3278129366476876, 0.1236366098652379]
[-2.935546875, 3.8060240297765517, 2.303875070317399, 6.214725126059591]
[-2.908203125, 5.480764111514467, 3.975240841257419, 5.979761556513884]
[-3.037109375, 4.036406837136427, 5.51785186978159, 6.252743840682745]
[-3.07421875, 0.8422798234740395, 5.449848287184343, 3.2196566059012026]
[-2.986328125, 2.3052013918184198, 3.8543658476510627, 3.160386559111533]
[-2.916015625, 5.57736436093569, 3.766850398321754, 2.9851800660076924]
[-2.9375, 5.366503297250947, 0.6081573191310304, 6.251364483884337]
[-2.962890625, 4.054015944477182, 5.434546862639904, 0.2091291603750614]
[-3.064453125, 2.387345362150262, 0.8510382338704032, 3.210912175762976]
