[-5.73046875, 2.249669799590448, 3.807553383694132, 5.751957288226711]
[-5.751953125, 1.9682823666797262, 5.361084414655616, 3.9539178136775153]
[-5.68359375, 4.029908233889884, 2.3144475172596266, 2.4604316609006593]
[-5.73828125, 4.082562589063805, 2.462712261661555, 5.758700136170804]
[-5.7109375, 5.362399079011607, 5.538477571682557, 3.7138875362064168]
[-5.71875, 5.167490096563032, 5.736896033801267, 3.8647854423665686]
[-5.783203125, 5.219547302097213, 2.4378969545858054, 0.7691157307601886]
[-5.724609375, 2.2709139787803068, 2.34278609022286, 0.5270693791708777]
[-5.689453125, 0.9994965150571461, 3.674060790403816, 3.6139555151486666]
[-5.755859375, 4.166493308650616, 0.6554487760825772, 0.6423152027657956]
[-5.693359375, 5.350301744696372, 3.7566854632798634, 5.770896946574511]
[-5.7421875, 3.9996515303676015, 3.9211656075788053, 0.5641827245299555]
[-5.720703125, 2.061228453467749, 2.4592943187017307, 3.695816797069584]
[-5.71484375, 1.0546502725899747, 3.8344488854264434, 0.6860617723971755]
[-5.763671875, 1.0524772956243487, 3.8686269202119163, 3.8500632858798634]
[-5.697265625, 5.228674288508681, 3.7816612198486674, 5.570254465103158]
[-5.771484375, 4.107411824773998, 3.9013298606360154, 0.6689409944595579]
[-5.681640625, 5.114344319487811, 2.3771815241790106, 3.6314911604085145]
[-5.626953125, 4.1661862010898965, 2.2716805997087173, 2.380256072452991]
[-5.7265625, 0.9287997499073355, 5.7010442962771934, 2.6583764347582957]
[-5.783203125, 4.135997698280715, 5.544011652917712, 2.6116860055958613]
[-5.603515625, 5.001114551823881, 2.198008743246094, 0.7888515439652356]
[-5.677734375, 2.14276418999946, 3.842315390595183, 5.747379319679498]
[-5.6796875, 1.1820336997826821, 3.8782626793396933, 3.734477020983767]
[-5.701171875, 5.449902548844912, 3.7524956270949468, 5.753741415401272]
[-5.7734375, 4.235320029212207, 5.635565397710571, 2.4639555571347467]
[-5.728515625, 2.150004402149994, 2.3968126535424075, 3.589486192287662]
[-5.705078125, 1.0856847346795708, 5.452876348948451, 2.5076928042602105]
[-5.693359375, 1.1098433382766646, 2.464320741446169, 5.5016741822980775]
[-5.7109375, 3.9576351841158974, 3.8043962895953487, 0.6099922021757375]
[-5.73046875, 5.175843278097475, 5.529444674787027, 3.7892368578349584]
[-5.70703125, 5.199695947837042, 3.903753682981503, 2.637921587889686]
[-5.69140625, 1.0365394551787996, 5.740746921357597, 5.607763458576969]
[-5.705078125, 4.167997256132966, 2.6179012876056094, 5.737834207507369]
[-5.548828125, 1.3021752133036777, 5.464295640389702, 5.3681816901407515]
[-5.73828125, 2.1260673885573547, 3.6457549589812412, 2.539039629924314]
[-5.779296875, 0.8925347302339551, 2.408949008146543, 5.72443208886117]
[-5.748046875, 0.8987038769757844, 2.4247443656630314, 2.619383917163044]
[-5.75390625, 4.108928638441668, 0.7620607850809876, 3.655168592926553]
[-5.720703125, 3.969425178048314, 3.8419567233972414, 3.7648866184021927]
[-5.65234375, 2.2393739941520616, 0.5402486525112549, 5.815642719017503]
[-5.658203125, 5.374371221537159, 3.7404949178716285, 5.627748775384757]
[-5.732421875, 1.0604049960316932, 0.7450205688680235, 3.6346377386243565]
[-5.751953125, 2.0598714995702685, 0.6929163719100864, 5.7327499779640245]
[-5.662109375, 4.340600713518192, 0.6890081607979888, 0.7917623044075998]
[-5.798828125, 1.0983520925677959, 5.450827916947128, 5.629155849260158]
[-5.732421875, 4.02981663964109, 2.5274072129664407, 5.587887531849247]
[-5.8125, 0.9578535491452952, 3.7673171507569685, 0.6475743568022355]
[-5.759765625, 1.9891538189953255, 2.4339811273588183, 3.8370557813178516]
[-5.712890625, 5.219862430375114, 3.960239005640446, 5.688876444814999]
[-5.740234375, 0.90949692059696, 3.8558768344711494, 0.5487959504672171]
[-5.787109375, 2.109389999361729, 3.926090657488151, 2.522251470285968]
[-5.822265625, 4.149851715436094, 3.8943532207588487, 3.843613598768881]
[-5.70703125, 5.186984746615049, 3.8274406387215505, 2.578348806702191]
[-5.7578125, 4.251941090599105, 3.7743295805373247, 0.5916888258747441]
[-5.794921875, 1.1239516821775104, 2.489236157658436, 2.5271472991034005]
[-5.771484375, 4.085119392513185, 0.6344207684504637, 0.4769206845120705]
[-5.701171875, 1.1025374219691844, 2.5681265015922228, 5.68718789079355]
[-5.7109375, 5.249166165773901, 2.501748351822986, 0.8009558846691558]
[-5.662109375, 5.177352078747341, 2.1853186048526005, 3.8098800640766246]
[-5.78515625, 1.9953759810313492, 0.7634061003809014, 5.682809480436635]
[-5.728515625, 4.2458910993154015, 5.703146070911943, 2.620012018824349]
[-5.732421875, 5.436095578692343, 5.607707927032018, 3.603046002560409]
[-5.724609375, 4.0211586521000084, 2.481949926875012, 2.6269920490398655]
[-5.765625, 1.1120790579695354, 3.9487209931936085, 3.764590260666778]
[-5.708984375, 1.0458483609385896, 0.7788871567916221, 3.7278905822567467]
[-5.765625, 5.345150786549784, 2.3419157904023646, 0.6526754031239997]
[-5.763671875, 2.0500857410986657, 5.611994617089448, 0.5705756520232232]
[-5.751953125, 0.9496802478493479, 2.487935667784681, 5.848751167473804]
[-5.6796875, 3.955528061774043, 3.9160692657836487, 0.4953314895091655]
[-5.73046875, 2.0798426731315516, 0.5376150900985537, 5.670269282613264]
[-5.65625, 1.1169242635160186, 5.482535879033112, 2.5544368748673585]
[-5.7578125, 4.188836156317451, 2.33837583145473, 2.411796602440335]
[-5.708984375, 1.0231711567302677, 2.2897087862681755, 5.709013262635356]
[-5.734375, 4.143041342359323, 0.7621993713869176, 3.8071020355209844]
[-5.697265625, 4.209273970901853, 3.737227263753412, 3.7739025261481998]
[-5.73828125, 4.181732307875398, 2.495217011505127, 2.4810862105386557]
[-5.693359375, 1.9112366803015863, 4.059177238148316, 2.2081116234827136]
[-5.666015625, 5.418153129530228, 5.654926600398378, 3.6545313382794484]
[-5.708984375, 5.368982551687274, 2.4697506497268686, 3.863148166888985]
[-5.77734375, 4.141184281352002, 0.6262052258872395, 0.6072910910643321]
[-5.748046875, 5.129741571347289, 5.596364341625327, 3.7862922724086445]
[-5.822265625, 2.2733661171665696, 0.6343105125919019, 5.748260086038158]
[-5.78125, 5.32047403331128, 5.6232536265224065, 3.800954182951514]
[-5.69140625, 5.20168073080518, 0.8358985403814226, 2.498568240832234]
[-5.689453125, 2.245422459243684, 5.673627979848335, 0.5312610267208042]
[-5.74609375, 5.347936706074182, 3.7739685970275865, 2.680919246298428]
[-5.73046875, 5.2268597168864535, 3.6743401996159974, 2.4125131442615193]
[-5.71484375, 4.296752578439663, 2.496558561957089, 2.564725583201411]
[-5.677734375, 2.158501994637639, 5.707437055271134, 0.6373964935910797]
[-5.5859375, 5.008372041922803, 3.7922516851181056, 5.350669616830911]
[-5.734375, 5.175087219912931, 3.71053385866323, 5.632987421903474]
[-5.76171875, 5.196506106906869, 3.764638784174505, 2.61186735119669]
[-5.75, 5.318274823921252, 3.7078941171674664, 2.4997467747961704]
[-5.72265625, 1.205396127550656, 5.465093415023635, 5.694685021220798]
[-5.759765625, 2.321630252641531, 5.511885863940143, 0.5504192107324165]
[-5.73828125, 2.0944599351243323, 3.709428750666668, 5.676783255086847]
[-5.775390625, 4.215768890141807, 2.3803655398566654, 2.429123140510607]
[-5.6796875, 1.197390938884025, 2.609250324477404, 5.595468887383155]
[-5.70703125, 4.307674675260973, 3.8131544900465935, 0.8212914575030517]
