[-7.38671875, 2.3158504508299353, 4.082905013706322, 6.156657183880273]
[-7.404296875, 5.493369757263262, 0.6506109530730463, 3.1006008546804633]
[-7.494140625, 0.8938593719727114, 2.3123412399374774, 6.251355963169726]
[-7.517578125, 4.03904299823958, 5.561619700333862, 0.016450479962610363]
[-6.73828125, 2.651777494588753, 3.8612357082249202, 6.037806321714599]
[-7.396484375, 3.991838275937599, 5.483363440146868, 3.010014064336189]
[-7.501953125, 5.557306227756026, 0.714550778200485, 3.220916440720266]
[-7.302734375, 5.431399924870442, 0.5655410381584753, 6.242409357016657]
[-7.4375, 5.431207249570119, 3.9810506824583065, 6.257642000326487]
[-7.306640625, 2.3219316293204137, 0.7285351047119767, 0.23608446939233393]
[-7.16796875, 2.179977786636653, 3.826201660123574, 0.1883193721024434]
[-7.435546875, 5.440460158025812, 4.000816755432457, 0.09462483940837348]
[-7.54296875, 0.8046170422309082, 5.429476376110287, 6.2272240397531196]
[-7.4609375, 0.7673954014528593, 2.2839654072716873, 6.208329924430713]
[-7.51171875, 3.959386148162603, 2.2848763513348835, 6.253520045969614]
[-7.22265625, 2.540134653329414, 0.6387975787047246, 0.1059456869079804]
[-7.359375, 2.503233049213787, 0.9102385962711042, 0.07356951669345366]
[-7.572265625, 2.3518194673576938, 3.899020781715423, 6.234779215927059]
[-7.517578125, 5.512096523813956, 0.7888516135332073, 6.229250636911759]
[-7.421875, 5.5643752560349045, 3.9223870533007363, 3.1999442090067727]
[-7.400390625, 3.881133409916648, 2.4589931268228686, 3.055866866029482]
[-7.494140625, 5.510783608420429, 4.053175913858465, 0.0818904802705691]
[-7.509765625, 5.460706549985961, 0.8025206337998019, 3.126297511756499]
[-7.310546875, 2.2580454441995617, 0.5959506797395732, 3.1312039125499096]
[-7.384765625, 3.8633964641795906, 5.582560120557089, 3.2508273789151527]
[-7.435546875, 5.464478962896944, 4.058948453041915, 3.083015947751943]
[-7.44921875, 5.389720358871206, 0.7607530934510902, 0.1266681449946698]
[-7.51953125, 0.752509595641693, 2.2975343920479614, 3.2356641162608892]
[-7.498046875, 2.4370434100246543, 3.922849355262894, 6.250142760061871]
[-7.2265625, 1.0260891089084143, 5.525073299022148, 3.10123566823967]
[-7.517578125, 5.584337386724252, 3.926135433310369, 6.2672802264290475]
[-7.509765625, 0.8663579180647841, 2.351273312378385, 6.198659581196763]
[-7.48046875, 5.604499795335306, 0.7773711629697323, 0.050299672514981554]
[-7.35546875, 3.914232808636322, 2.440414211675046, 6.116581516307497]
[-7.541015625, 0.7977532472589097, 5.465959646522258, 3.145499972919802]
[-7.474609375, 2.41066689128974, 3.8395620486484705, 3.165881963508492]
[-7.51171875, 3.890211166376381, 5.508969568964193, 3.0880910752810387]
[-7.4296875, 5.422556753820029, 3.957475179531698, 3.001998848476828]
[-7.546875, 3.895162953905144, 5.489726330771992, 0.030965420868026727]
[-7.314453125, 4.120489894135135, 2.2582602029801366, 3.149369180922113]
[-7.521484375, 2.322861111711989, 3.950967394017975, 0.015128353935731895]
[-7.361328125, 0.7999779422563285, 5.335411589286539, 6.1921827532742295]
[-7.322265625, 5.409243286890767, 3.8151552747104565, 0.10693289731725102]
[-7.458984375, 3.791786367887924, 5.505331685957144, 3.151428553880242]
[-7.52734375, 5.421383655199098, 3.97498795715644, 3.162440920505085]
[-7.51953125, 5.50248492495318, 3.958519187829841, 6.235546134046119]
[-7.427734375, 0.6387135016758767, 2.381686355466356, 0.10929218332058431]
[-7.400390625, 2.3575413085149703, 3.865637092175935, 3.304304087581236]
[-7.34765625, 5.511298962784462, 4.0897037412913155, 3.2604810222872582]
[-6.93359375, 0.7937477986391599, 2.6626106617353815, 3.3229417325217767]
[-7.361328125, 2.479899759037085, 3.94047020103324, 3.057018439614673]
[-7.302734375, 5.5048802929059875, 0.6515166102345525, 0.170596433916811]
[-7.419921875, 3.963830912536103, 2.235792217240009, 6.258813039308574]
[-7.435546875, 3.8319115854423003, 5.414461347154623, 6.21671170132905]
[-7.353515625, 5.614223333912454, 4.034180653486958, 3.089995832602418]
[-7.3828125, 2.2548137637602923, 3.9431997373665326, 6.166939550097604]
[-7.44921875, 5.54709494636513, 0.6681922347132719, 3.1754746400845444]
[-7.39453125, 3.8598194737206737, 5.6055284244452395, 3.037359419216597]
[-7.044921875, 1.0762551711381756, 2.2577287533022727, 6.157099920136895]
[-7.46484375, 0.6900409740468865, 5.523675655421957, 6.1872642336445525]
[-7.470703125, 0.6985973294779891, 5.533699376050597, 3.183727154691977]
[-7.1484375, 4.174527017095548, 5.435274701252995, 6.128209070135972]
[-7.5703125, 0.8703659787492826, 2.345320989529131, 6.256924503257775]
[-7.26171875, 4.0874818363713965, 2.4011356009766445, 6.213948322144737]
[-7.48828125, 5.460278277736862, 0.8219564947518196, 6.207636270732324]
[-7.421875, 2.2689501116963693, 4.0188386712256925, 6.267645886111068]
[-7.52734375, 3.9915599215726245, 2.4087831207108215, 3.136124833786074]
[-7.490234375, 0.6965294504484696, 2.279122152371484, 3.1518959176805827]
[-7.509765625, 5.552124545099609, 0.7909508240220896, 3.167097893018851]
[-7.5078125, 2.465498547991505, 0.811842856757189, 3.1945898073505283]
[-7.529296875, 0.8055452606870286, 2.4335732102975256, 6.278025770311551]
[-7.228515625, 5.333852766893181, 0.9960337257370162, 3.208021556144873]
[-7.5, 2.4437076446823, 3.916544681629097, 0.030045172001838552]
[-7.505859375, 5.630618690590005, 0.731621033980182, 0.02191209878479634]
[-7.380859375, 0.5893897509222426, 5.437584316123253, 3.1676422011614767]
[-7.470703125, 0.7389091584442637, 5.377056005865065, 3.167394066335804]
[-7.4453125, 2.486491680957687, 3.943192948626503, 3.103348919342148]
[-7.375, 2.3623344054352833, 3.8314529252252987, 6.183164246082012]
[-7.337890625, 2.4248459192536282, 3.9846532039502813, 6.144611843596663]
[-7.494140625, 0.768203609467416, 5.565476312972199, 3.1287856222643655]
[-7.458984375, 3.95195726614421, 2.2973408140996403, 3.2392785234483514]
[-7.37890625, 4.09916546094513, 2.32782258915135, 3.1901426737484355]
[-7.439453125, 3.951771003572431, 5.6365822713230305, 6.267443405226881]
[-7.453125, 2.246030779192877, 3.979575461392048, 6.221228092443289]
[-7.55078125, 5.557021252363908, 3.8694430717875368, 3.120224880663895]
[-7.333984375, 5.6085254262200674, 0.7913296686984647, 6.097523521007426]
[-7.169921875, 2.114422254070621, 4.039802802940832, 6.2354069927877624]
[-7.396484375, 5.594364203608114, 3.825817638746603, 3.237322241853396]
[-7.447265625, 4.000860687356331, 5.4936675140286235, 3.1812008683769224]
[-7.591796875, 3.9189913123272055, 5.561196798344828, 0.06511794680851771]
[-7.533203125, 2.3729131278340483, 0.7178077553366704, 6.190950223831932]
[-7.33203125, 2.3531621957146935, 4.11331404971011, 6.273522348670582]
[-7.537109375, 5.4913611645001, 0.7795590247777313, 3.1667134080006893]
[-7.4453125, 3.849256172950794, 2.3610395719079857, 3.0697882752795334]
[-7.279296875, 2.496069475181887, 4.071649633082356, 6.218481847205158]
[-7.43359375, 3.8759875576178477, 5.601181888191487, 0.06577900709288347]
[-7.513671875, 0.8447633255754892, 5.504288157047896, 0.023159090780954798]
[-7.3359375, 2.308397411173651, 4.011601179254079, 3.3223287157503396]
[-7.439453125, 3.9391916177571016, 5.43559741157707, 3.0271639138927604]
[-7.2578125, 3.803305904066181, 5.541589485258172, 0.2168545476294786]
