[-4.0, 3.1664087753858987, 4.22058443994397, 4.732458422213204]
[-3.9853515625, 3.156523566345808, 2.926945117495478, 4.840238075654693]
[-3.9716796875, 3.0828626256859986, 2.494088510640645, 1.3848751015391405]
[-4.0, 3.107251122743939, 5.994212135911822, 4.736186196514712]
[-3.9912109375, 3.225494856874212, 3.9757710496411605, 4.665236503978383]
[-4.0, 3.149896602231452, 2.8498907940948928, 1.5751842501879945]
[-3.9892578125, 3.1045556619877304, 2.672817695158684, 4.811629467412314]
[-4.0, 3.1211325123794116, 3.3221315165976897, 1.5959758279492908]
[-3.9990234375, 3.1134156258664887, 0.7751320829153745, 4.669650208809585]
[-4.0, 3.1455770945690387, 3.621663631795147, 1.5896649348084035]
[-4.0, 3.1422809891996244, 1.7162699259392706, 1.6077687892206936]
[-3.9619140625, 3.299235846525279, 3.5896503557902397, 1.4653219511626099]
[-4.0, 3.1721129237546957, 5.3110627213496, 4.696351131825491]
[-3.9091796875, 3.1535620891827243, 2.3556931379743005, 1.2337183476774398]
[-3.9853515625, 3.118943346825469, 1.1615188539492973, 4.575636872921142]
[-3.9111328125, 3.126619611684237, 0.5651437785406808, 1.227073580418986]
[-3.9990234375, 3.1885813442976936, 0.9666529829752366, 1.6003089067604868]
[-3.9912109375, 3.2063145103037463, 1.7759226113160282, 4.769718702293521]
[-3.998046875, 3.1476022048224066, 3.7942604851863164, 1.6385922089539833]
[-4.0, 3.1762334992340273, 3.3058549359992204, 4.6899429352417386]
[-3.9912109375, 3.043710414941167, 4.577362606494461, 4.6789870070507265]
[-4.0, 3.1450889016086485, 2.483416739467423, 4.671932785405071]
[-3.998046875, 3.100709318488652, 5.6127444262639115, 4.776661566286473]
[-3.998046875, 3.16479329145578, 2.389799803601771, 4.659980782386438]
[-3.99609375, 3.1112619316763457, 0.08014152603588563, 4.753034214103106]
[-3.9912109375, 3.160036918148906, 4.260548227955809, 1.6621377510529625]
[-3.9990234375, 3.124177282957629, 1.7023106813670004, 4.677401661133399]
[-3.998046875, 3.1034742589471382, 0.8341565198791411, 4.701953441601163]
[-3.9931640625, 3.232573359369806, 2.1551027312621076, 4.672939979396993]
[-3.9990234375, 3.1091319388981447, 0.5985933927824324, 1.5312476783347289]
[-3.9970703125, 3.1937200937495724, 0.9911886332379508, 1.5348323405191477]
[-3.998046875, 3.118290581445637, 1.1966656722450324, 4.668495056669075]
[-3.99609375, 3.087324832961101, 5.501412752261586, 4.729583208493856]
[-4.0, 3.148125811206988, 5.868817072296117, 1.6004745626042436]
[-4.0, 3.134507972916432, 3.8340514246515354, 4.768322020300805]
[-3.990234375, 3.2611749139705224, 0.9161202253775733, 4.753465943103433]
[-4.0, 3.1719541884321343, 4.712706060864252, 4.710427645438412]
[-3.9833984375, 3.0369583304795933, 0.2772707716311281, 1.6622980018817473]
[-3.998046875, 3.104105985441141, 6.0473146513356095, 4.779423183018138]
[-4.0, 3.094261289478414, 0.8404808768824698, 1.5637715530487664]
[-3.986328125, 3.1007808210359538, 2.682481207642533, 4.843368376333561]
[-3.998046875, 3.2052071948808543, 5.109936876358979, 4.707639310332661]
[-3.9873046875, 3.2588853762249927, 4.29476827489318, 4.639395560921743]
[-4.0, 3.165733931860733, 3.9814636624585904, 1.5831000796622652]
[-3.953125, 3.4002214794508405, 3.4437937315343294, 4.728870804118078]
[-3.9951171875, 3.0979793697784017, 4.870991396024334, 1.5120281528544106]
[-3.984375, 3.001921182780909, 4.987547108207957, 4.72824346443126]
[-3.9873046875, 3.1723688845771667, 1.0374148200859465, 1.714169752089645]
[-3.998046875, 3.1033057487584457, 5.95195407499006, 1.600395989494536]
[-3.9990234375, 3.0842066129476566, 0.455021055589919, 4.738371210585334]
[-3.998046875, 3.2077081806190715, 3.9290713385532707, 1.611491128019348]
[-4.0, 3.1610628572034836, 4.93566466803871, 1.5964919347438065]
[-3.9716796875, 3.3358045737550914, 4.956345770623174, 4.655519616727328]
[-3.994140625, 3.0786858772645633, 5.25757134713707, 1.6503444811752157]
[-4.0, 3.1121699583861475, 2.87746609006335, 4.705415702659344]
[-3.9697265625, 3.1830119878697407, 0.09388243893882361, 4.538718203014156]
[-3.9853515625, 3.1229064440092893, 4.630619392682892, 4.579010459794911]
[-4.0, 3.166990110458334, 2.410581472886272, 4.687977389788084]
[-3.9990234375, 3.1323790766655826, 3.911625983498308, 1.5472759611548532]
[-4.0, 3.154394646843752, 3.68838645697735, 1.5875124173577737]
[-4.0, 3.1136103795096117, 0.05462299842429356, 4.7407628397424775]
[-3.9990234375, 3.146474754355792, 2.8132409194424177, 4.695727295383694]
[-3.998046875, 3.1960179820993733, 2.898694940151449, 1.5723820552903542]
[-3.998046875, 3.2059272151523515, 3.563955618665671, 4.751262824820598]
[-3.998046875, 3.2104779866950905, 3.3306642393988346, 4.763402442971941]
[-3.9970703125, 3.0740377973102126, 0.8865556207533435, 4.69888295510016]
[-4.0, 3.1203374504753736, 0.9952480272033112, 1.6171787082770506]
[-4.0, 3.1633865933309337, 3.0127305437543006, 4.700873468225598]
[-4.0, 3.148046859306922, 0.006132156687339893, 4.690037458462189]
[-3.9990234375, 3.104795530846392, 4.921036258382132, 1.5850096991204743]
[-3.9951171875, 3.1997412862630066, 0.2739330593834808, 4.711468019224797]
[-3.998046875, 3.0979151426351415, 0.027137982661101616, 4.659605790301795]
[-3.9951171875, 3.0982980689417614, 2.545352261117144, 4.679488216961163]
[-3.9951171875, 3.070160247060236, 0.9187317249492091, 4.655668522972079]
[-3.9990234375, 3.126542522051902, 4.40879290348573, 4.675939146582374]
[-3.994140625, 3.2361595648911505, 2.1317247762153446, 4.703352143001158]
[-4.0, 3.141159135994515, 2.109039936546793, 4.765156304400008]
[-3.9990234375, 3.174429839228164, 6.16100221141092, 4.74053167006159]
[-3.990234375, 3.0282820947500566, 4.566803513517377, 1.5860436175327435]
[-3.9951171875, 3.0547188995997994, 4.942071684102898, 4.702403843699869]
[-3.9970703125, 3.167511905351121, 3.291617449555771, 4.646298556603954]
[-3.9990234375, 3.0692325929285595, 1.1903899103543476, 4.682035806076738]
[-3.9892578125, 3.164732037892761, 3.0031658806073884, 1.4621443564050083]
[-4.0, 3.1158776762588722, 2.399999398032174, 1.5738039356607323]
[-4.0, 3.1590689427843754, 4.188529853644648, 4.73918999655082]
[-4.0, 3.1295942388379507, 1.6023193987419666, 1.5363280379212376]
[-4.0, 3.1379950514079398, 0.968828993558351, 4.73365498351107]
[-3.998046875, 3.108936856420213, 2.0655315862938877, 4.768010311931479]
[-3.998046875, 3.1495811154621016, 2.0665729868768032, 4.748782038473335]
[-3.998046875, 3.158020783254603, 1.5133751568606546, 4.752416794152093]
[-3.9931640625, 3.19056129873167, 0.8780513662627043, 1.6804623471458746]
[-3.998046875, 3.2004877065140604, 3.988935778651506, 4.7912105868990515]
[-3.958984375, 3.3834327737486354, 1.8715313997990155, 1.522531315147616]
[-4.0, 3.1245211326284097, 0.9497968783745525, 4.723439472673465]
[-3.986328125, 3.123850152453981, 0.7623671285633561, 1.690517825741293]
[-4.0, 3.157929867313957, 5.612145169216108, 4.701291572105025]
[-3.9970703125, 3.090440996743007, 0.1399244957600936, 4.749924130644366]
[-3.9853515625, 3.1369507292031775, 0.6854796580302023, 1.4140276338176268]
[-4.0, 3.094190213827526, 5.5006699225641045, 4.7083461175399774]
[-3.9970703125, 3.1412258006433076, 1.4321341931527376, 1.6377191156820368]
