[-3.677734375, 3.753981854480773, 3.699868815528045, 3.079131340130572]
[-3.625, 5.683577414012416, 3.586330328676292, 2.9653067287641273]
[-3.5986328125, 2.58758318906511, 2.4649577644512033, 3.251823679063434]
[-3.4921875, 2.415751788982097, 2.7198925947317156, 6.004679940328397]
[-3.685546875, 2.5586871247504313, 5.799173976339362, 6.246129715791569]
[-3.623046875, 2.431337780592475, 5.753054783065535, 3.0877551595341495]
[-3.65234375, 5.853869354612803, 0.4424755880631395, 3.1891618160173594]
[-3.560546875, 5.742593981289158, 3.9323084105522583, 3.221179003947168]
[-3.6552734375, 5.841645842072659, 0.7635680459525768, 6.196000216323618]
[-3.673828125, 3.7809999623748776, 0.5981990257290416, 3.1343405214125015]
[-3.7353515625, 0.6057387090093306, 5.78329564111233, 3.1253676712799816]
[-3.654296875, 3.7620972210740393, 3.683598527841235, 6.187263908873908]
[-3.6533203125, 2.637978068922054, 5.84811692784125, 3.1390813157846256]
[-3.697265625, 2.5565291947088826, 5.760977608255484, 0.04447840299864847]
[-3.6767578125, 0.6065876653138378, 5.6690583549437745, 3.2385131792755]
[-3.6669921875, 2.493303778842843, 2.6423951288337513, 3.129241512010464]
[-3.6748046875, 3.6990512777593634, 3.656143350244496, 6.169055316708657]
[-3.654296875, 2.5742619846768218, 2.497807034160305, 0.001070282256160685]
[-3.6982421875, 2.606990865014905, 5.75155847784103, 3.1884976417429756]
[-3.650390625, 3.646480453146383, 3.691671645913624, 3.0381957979007086]
[-3.6728515625, 5.660024843949755, 0.5667949497613274, 3.173618007519613]
[-3.5810546875, 5.676956338026043, 3.728704233119938, 3.359465044380845]
[-3.693359375, 2.599973137367036, 5.745570646574751, 3.204613437583207]
[-3.3916015625, 5.510467018064679, 3.8388561745785053, 6.179849720158306]
[-3.6865234375, 5.77264591415303, 0.6368594688868773, 3.1488577760945238]
[-3.642578125, 3.6345468836385093, 0.74552615380141, 6.163935534094368]
[-3.7412109375, 5.6489216535140825, 3.6731320383539954, 3.1856878798449313]
[-3.66015625, 3.648982838999634, 3.8442144850409727, 3.2310025628498655]
[-3.697265625, 3.6114324734331973, 0.45564822255007403, 3.1836803872007864]
[-3.693359375, 0.5851065247579763, 2.6371863522827383, 3.161737282148825]
[-3.7236328125, 2.610216601305927, 5.7203557211691525, 3.212673989217959]
[-3.7158203125, 5.7538849792915485, 3.750182611560853, 0.10071242613601113]
[-3.71875, 0.4698248283502028, 2.643115109081423, 3.194707554968732]
[-3.6923828125, 3.5993272439906465, 3.682890871780793, 6.215918255625115]
[-3.7119140625, 3.5723727164082093, 3.8441019775321785, 0.020510066438103117]
[-3.6396484375, 5.920595959569372, 3.7388229068884438, 3.093474581047774]
[-3.619140625, 3.7895644139799414, 3.635531501809724, 3.317405460538464]
[-3.671875, 0.5516336306671551, 2.483216080952543, 3.150619302113821]
[-3.625, 0.567825314097448, 5.610123533838719, 6.255619215373008]
[-3.671875, 2.54732833612155, 2.6813664684307636, 0.040430018476516394]
[-3.708984375, 3.7032858595929867, 3.667482489609295, 6.22724262996559]
[-3.67578125, 2.5625698145005837, 5.758299653949506, 3.2136506426673708]
[-3.6494140625, 5.91685870866702, 0.6554380194415254, 3.0742824916411227]
[-3.720703125, 5.796458551680217, 0.5861648656630816, 3.126781009950699]
[-3.6962890625, 2.6750965262635265, 5.728638250664661, 3.217417570316967]
[-3.673828125, 2.399800860286508, 5.837830032057216, 0.06578915518427778]
[-3.59375, 2.651367756281862, 5.760212102235811, 6.075514822648291]
[-3.6748046875, 0.4106708442637099, 5.700152760480641, 0.10633473894668762]
[-3.6474609375, 0.42401002722784076, 5.8117078929622465, 3.2357600456862863]
[-3.5712890625, 3.56967262076017, 3.61582175795109, 2.9342898577082277]
[-3.6806640625, 2.7264437253731373, 5.609225460422388, 3.1248936399832035]
[-3.5205078125, 2.83684480834182, 5.662855543823548, 3.2979234444984304]
[-3.6640625, 2.6907535701026997, 2.706748324046035, 3.106178480346267]
[-3.677734375, 0.6448215939942368, 5.781627583865734, 3.1543635376999353]
[-3.720703125, 5.77685750353604, 3.6538734908052897, 3.107688440982659]
[-3.3798828125, 1.0271659759932352, 2.762084832092615, 0.09433816521565243]
[-3.625, 2.634824309451379, 5.747539659081547, 6.11648484485485]
[-3.6953125, 0.4184105372745658, 5.761720273557561, 3.1489799586660485]
[-3.69140625, 5.698623788591491, 0.46209187767329496, 0.004050374006806982]
[-3.6796875, 3.6170790658433964, 3.6105557779988233, 3.2181160198002527]
[-3.7119140625, 2.5848082400322956, 5.794033864416543, 3.0944027096565008]
[-3.708984375, 2.598620472327086, 2.5250743098000172, 6.257242525396142]
[-3.6474609375, 0.6886325870231764, 2.747319447898016, 3.0755701256277264]
[-3.7216796875, 2.5347863662605365, 2.612562989211459, 0.023614994633770776]
[-3.6572265625, 5.947551227640821, 3.8265768254963857, 3.1505682949077447]
[-3.6884765625, 0.4818927145288906, 5.659715158385895, 3.1842071284051925]
[-3.6865234375, 0.5357284207600819, 2.482559169743373, 6.242686844467275]
[-3.7099609375, 5.812357486400991, 0.5626949884060338, 3.104768182724788]
[-3.705078125, 5.8167262951948215, 0.5782242821553466, 3.1559557540976355]
[-3.70703125, 2.5213846224226453, 2.5600299004292677, 3.185005204403005]
[-3.6708984375, 2.7381100225934154, 5.696042065309174, 3.2075638987322477]
[-3.703125, 5.745612624468397, 3.7195674335089137, 3.1942522268270186]
[-3.5947265625, 2.7751693568267526, 2.3530241093307436, 6.236854980543677]
[-3.6826171875, 0.42104768918069463, 5.645082680337193, 6.239713462191107]
[-3.6630859375, 3.502334739789199, 3.7611504822353394, 6.238051665549066]
[-3.58984375, 3.9566108720552573, 0.34262575635895687, 6.259624817067355]
[-3.6416015625, 3.6410649447537007, 0.3913187312500777, 2.9994614637014916]
[-3.6796875, 0.3822833851951136, 2.496282343947312, 3.1662397370559114]
[-3.6953125, 0.5228700168556517, 2.545367982031111, 6.139475126707146]
[-3.4873046875, 3.54074997210069, 3.6965341117327823, 6.002690665037999]
[-3.705078125, 2.623085279487854, 2.558796891508999, 3.1144064169883694]
[-3.6416015625, 5.722268548972305, 0.40654254542826557, 3.162569161980493]
[-3.40234375, 5.545518885722303, 3.614133456164597, 2.8246887005360715]
[-3.68359375, 0.48086615429561186, 5.65414796045365, 3.056571690815554]
[-3.66796875, 5.813894999471488, 3.594506770632162, 6.201439339066555]
[-3.640625, 5.799289186376069, 0.40121477608280987, 3.1433387149780927]
[-3.6845703125, 5.760285009456899, 3.72824700676861, 3.069360665924797]
[-3.57421875, 5.688200404029864, 3.8144879730220027, 6.130595021024498]
[-3.6962890625, 3.553257970894731, 3.711348465362139, 3.1214557134965926]
[-3.6962890625, 2.6459737797306446, 2.677907788273316, 3.0562983381284154]
[-3.6279296875, 0.7270449387315224, 2.593122996132836, 3.2232875419037557]
[-3.544921875, 5.54667321712138, 0.38645631930815594, 3.041868916318116]
[-3.6787109375, 3.5322543608940755, 3.73471815062846, 3.1615098136080655]
[-3.650390625, 2.544341355999906, 5.649885765128689, 3.0573668599675057]
[-3.6279296875, 5.859251692727573, 3.7749574496407035, 6.144941167378341]
[-3.685546875, 5.69688380241194, 0.46286845203518107, 6.211984762774227]
[-3.673828125, 5.884576531931033, 0.5018924195862701, 3.184022077882046]
[-3.642578125, 3.8352690623153176, 3.7246952867611793, 3.1782443881071125]
[-3.67578125, 3.5810151650252826, 0.5571186313718536, 3.187866445851051]
[-3.6044921875, 0.399531696141914, 2.4773558652127217, 6.124198332556712]
