[-8.6015625, 2.208628161348894, 2.4800330064291156, 0.5811466409971546]
[-8.70703125, 1.1472055552751477, 0.690974665443193, 0.7368737793188128]
[-8.541015625, 1.1962223371284633, 0.7431489028379991, 3.7648374052974316]
[-8.49609375, 5.248463966958917, 0.6559851170754107, 5.61906504351847]
[-8.62109375, 2.2680618946997617, 0.7028417682848122, 5.6013323733671765]
[-8.580078125, 0.9159205876471374, 5.694041323534684, 2.6580147800692293]
[-8.5234375, 0.9617535973497376, 3.9110687937280413, 6.7940482256379084]
[-8.62890625, 3.984253458215917, 0.7000021745718324, 6.794936020127317]
[-8.650390625, 2.084308501267363, 5.511871522185121, 0.5636423849258096]
[-8.59375, 5.28667275230351, 3.7483289641669626, 2.5600657300435468]
[-8.515625, 4.186315749426043, 3.8202268530317416, 3.6181943301665003]
[-8.54296875, 5.203076327307089, 3.68323941760385, 5.638744518367804]
[-8.458984375, 2.323097717870325, 0.6820769051003723, 5.81716299649643]
[-8.599609375, 4.099982824644443, 3.7932749601707583, 3.665827118648692]
[-8.4140625, 2.18713417912094, 5.622845627599905, 0.7289641299368015]
[-8.5234375, 1.144338604240806, 5.596483259267408, 2.5719460888516523]
[-8.552734375, 4.00340125202473, 2.455057417493433, 2.6139836964902603]
[-8.537109375, 2.207316594838232, 0.7040122074531393, 5.818961716785951]
[-8.5234375, 5.124664970347325, 3.688414021871552, 5.5859772466702715]
[-8.501953125, 4.292950526408948, 3.8888896189797406, 4.001315606870214]
[-8.703125, 1.051006810295638, 3.8584453028775787, 0.6897373970652491]
[-8.685546875, 5.417806775618156, 2.424832451324816, 0.5849341047612108]
[-8.486328125, 5.248184313900826, 3.9531001472177665, 5.535145552730093]
[-8.45703125, 5.170850940014601, 3.920180625423207, 2.662691712513832]
[-8.61328125, 5.377571050979308, 5.611356404607709, 0.5902669842387739]
[-8.51953125, 2.006040080713566, 0.7789840901191646, 5.411615765709606]
[-8.54296875, 0.8569654125056244, 0.729275541116303, 3.731324646463925]
[-8.44140625, 4.057449211805498, 3.928904447824029, 3.658363195301033]
[-8.607421875, 0.9651518466873046, 0.6348392613435153, 6.868865546130779]
[-8.548828125, 5.254685523134105, 2.405164998164297, 3.6885903474003743]
[-8.587890625, 5.312641448251829, 5.554396795970154, 0.5133061346605179]
[-8.568359375, 2.0958319982507714, 2.482511999023871, 3.7785653996649056]
[-8.521484375, 1.007359628586318, 0.5922416764667691, 3.61418823776207]
[-8.529296875, 5.289681732171274, 2.492821338762917, 3.786524027783647]
[-8.73046875, 0.9212972322041288, 5.643869365570317, 5.597436057709883]
[-8.603515625, 2.176056044432608, 3.8094535493508803, 2.56942161700704]
[-8.5859375, 4.085207723522814, 2.449552417291696, 5.638868858114307]
[-8.650390625, 4.156176795639368, 5.468726193616779, 5.602676169649934]
[-8.57421875, 5.369115409092721, 5.438698869976437, 6.825140392033237]
[-8.494140625, 1.213587527253289, 3.6680022479741385, 3.7578512204508323]
[-8.546875, 4.136042348811958, 2.4359879405823865, 2.6255692456571005]
[-8.50390625, 4.167892091792381, 6.911270211926438, 3.624864296664605]
[-8.494140625, 5.280846649526707, 2.4749059138040095, 0.4404757385837089]
[-8.6171875, 1.070183634024565, 5.548035395167763, 5.610404895339258]
[-8.58984375, 5.178675801580703, 0.6828221980695895, 2.4443768934696246]
[-8.435546875, 0.8905512318167664, 2.6346069058031794, 5.812343958966918]
[-8.576171875, 5.192160791971892, 2.478147426971226, 0.5364727856613117]
[-8.533203125, 5.0376694087431275, 2.5155050145280824, 0.6559915388963382]
[-8.58984375, 1.0461423502056093, 5.714767804721994, 2.5452754560352226]
[-8.603515625, 0.889540865914408, 3.7806119511652936, 3.754627292968314]
[-8.654296875, 4.251084648425939, 2.541884578690258, 5.6149815718734315]
[-8.603515625, 5.221072501535617, 5.653923197056335, 3.712916387672967]
[-8.626953125, 2.163772263855536, 2.437124276148248, 3.8078103912533443]
[-8.64453125, 1.2481239342485617, 2.5325379590428034, 2.334805461510466]
[-8.583984375, 2.1672602776368652, 2.470451582309943, 0.5063822516709036]
[-8.498046875, 5.463906266601224, 0.6940879061135914, 2.5980025209984117]
[-8.544921875, 4.029224464367042, 5.5045884850191005, 5.693139232068072]
[-8.646484375, 4.088149490460549, 5.568312821050978, 2.622642935366938]
[-8.640625, 4.213217951198899, 3.941738284567271, 0.7441831511231869]
[-8.541015625, 0.8542142486916642, 6.873051987690073, 3.684757348967011]
[-8.6640625, 1.0125723184800535, 5.689300552149966, 2.568173255089608]
[-8.525390625, 4.201116006715887, 0.5996075983239578, 0.5681971819925954]
[-8.578125, 2.103581132578733, 6.954602205547509, 2.5095351589793973]
[-8.62109375, 4.068277524987895, 2.4155023408057184, 5.729593917587472]
[-8.451171875, 5.267912293107125, 2.5841948381348776, 3.6439934998231354]
[-8.55078125, 2.4227242860732505, 0.6402811691950046, 2.6108168443154343]
[-8.623046875, 4.284362529461882, 3.8473622865857924, 6.983573200267317]
[-8.4765625, 4.1088300709609555, 3.6942060991464523, 3.6020527731452288]
[-8.5390625, 5.201481926759828, 5.496661286584727, 3.7446034895720506]
[-8.5390625, 5.226191786706395, 3.900579888072169, 5.715917850691057]
[-8.515625, 5.493478976680212, 2.6346626935343886, 0.44254271872676076]
[-8.658203125, 1.161604937412659, 3.89396920351309, 0.7301791140162722]
[-8.6171875, 2.167137688669326, 2.479188876665369, 0.5487377959103261]
[-8.490234375, 5.274651339762701, 3.812314873296689, 5.580952803232579]
[-8.56640625, 4.041570333417116, 3.8291459957320066, 0.5860536071560071]
[-8.576171875, 0.9449816486880414, 3.9350227817605474, 3.7818134796898435]
[-8.55859375, 4.1185809552564985, 2.48577603977597, 5.6695150114346395]
[-8.603515625, 2.113770819786157, 2.5008725620729697, 3.873894317722134]
[-8.533203125, 1.074630566544809, 5.589705838107287, 5.653788777555066]
[-8.619140625, 4.19530385523816, 3.8052441864264823, 3.722057296114792]
[-8.58984375, 4.252295803656914, 0.6227019074098398, 3.709611480519017]
[-8.58203125, 4.018976436995016, 2.5026757664132893, 2.558268909898127]
[-8.541015625, 2.0846057639876765, 3.7599590147763995, 5.727076240495811]
[-8.486328125, 2.416847181815457, 5.613032838755182, 3.6582832101606306]
[-8.564453125, 2.1013128959950524, 5.543028477494802, 3.7814859362502466]
[-8.51953125, 2.3222905124184643, 5.664793699735617, 3.4949449754086244]
[-8.6796875, 2.0356123508479183, 5.6228384660210065, 3.8263590757802572]
[-8.556640625, 0.9520088110940793, 3.9306817528937175, 0.47914282174144657]
[-8.568359375, 5.100648078578436, 0.5154019774274785, 5.76924474057426]
[-8.53515625, 4.306625722668365, 0.8858479822794095, 0.5857986833540413]
[-8.572265625, 4.003029550163182, 2.512848985443837, 2.6489181538887254]
[-8.62890625, 1.111081932205895, 2.5350433714165908, 5.58100581142466]
[-8.595703125, 2.106384072045141, 2.571262132854889, 0.5803402714765571]
[-8.58203125, 4.075847639317478, 0.5903198876177809, 3.802245157775795]
[-8.494140625, 1.1413447570723707, 3.886169386101391, 3.718999549648515]
[-8.515625, 4.223704842477472, 5.560115070581622, 5.551089653963086]
[-8.7734375, 4.106757237220803, 0.7032142924269162, 0.5527286803093097]
[-8.71875, 2.07761658771976, 5.625269962736528, 3.768759797106512]
[-8.486328125, 1.0436532826718183, 2.552676980091951, 5.698422253479926]
[-8.6328125, 0.8802472704307869, 3.90240545161462, 3.757480772697494]
