[-11.15234375, 5.561600850257457, 4.039029391897927, 3.089194719789124]
[-11.234375, 2.361114505107332, 7.077137408355908, 6.245556974428616]
[-11.25, 2.4355626823351035, 3.9430400806816013, 3.0691620908945065]
[-11.232421875, 3.962060090349337, 5.523465062387717, 6.188544549303514]
[-10.513671875, 2.341885078385768, 3.602499171919146, 3.075115819212592]
[-10.66796875, 5.238185729324573, 4.102228610371425, 6.237411854192401]
[-11.21875, 3.968137801369273, 5.508024238127349, 6.375999925881214]
[-11.126953125, 3.873201028134868, 5.360034139152117, 6.340143419808538]
[-10.96875, 2.407565018670754, 3.729548200475547, 0.03966469832626873]
[-10.751953125, 1.039924683272305, 5.514208361184532, 6.153023694789062]
[-11.107421875, 3.894031915440391, 5.520343654634615, 2.9811539042221176]
[-11.130859375, 2.309269501675458, 0.890367267563669, 3.1195312246684828]
[-10.31640625, 4.08379541489631, 5.172853304662128, 0.14450745086592448]
[-10.892578125, 0.9861119146053205, 5.393735884390644, 0.08944645087001127]
[-11.171875, 5.5344745616893825, 0.8995595882253737, 6.2626833104030935]
[-11.216796875, 3.945994433449068, 2.401518619795645, 6.2385226201614845]
[-11.19921875, 2.402353109702214, 7.004582349064711, 3.19328563654327]
[-11.26171875, 5.5017853442058255, 0.7792226915541977, 6.319229975501156]
[-11.166015625, 5.414615136719229, 4.027589685775723, 6.253651463713162]
[-11.25390625, 5.440896073993912, 3.969538511072337, 6.217178267155532]
[-10.708984375, 4.007664180405448, 5.726181108681528, 6.2021873664491105]
[-11.251953125, 5.529757641008491, 0.7323669600018556, 6.34937701266692]
[-11.056640625, 3.925458388176982, 5.637504471246678, 3.2328940019399957]
[-11.19921875, 2.3792148356954375, 7.043138969703348, 3.0829153407358874]
[-11.205078125, 2.27480330240172, 0.7332746022186218, 6.266164166779271]
[-11.03125, 5.437634260494817, 0.8957082657304315, 6.2015652270602635]
[-11.302734375, 5.4970238756736896, 0.8264744803657385, 3.18633762798676]
[-10.9296875, 5.512888463987392, 3.811574459320228, 3.3204269876942516]
[-11.18359375, 2.3977836263919996, 0.8144749635360865, 3.037915100316702]
[-10.755859375, 2.2005694263173696, 0.6684187330773236, 6.053742909535459]
[-11.201171875, 5.556708267434699, 0.7105190572873222, 6.272575277387855]
[-10.955078125, 5.4064071116110055, 3.7841739538639056, 3.0753074055366763]
[-11.1171875, 0.645456363303396, 5.419227173793196, 3.061408151220603]
[-11.205078125, 2.295931939842414, 3.936005346666551, 0.0903954643457734]
[-11.162109375, 3.92792075530101, 2.4712630768020953, 3.104022615006364]
[-10.849609375, 5.297049144243704, 4.031235661097305, 3.0839483837104]
[-11.21875, 0.8112621999098725, 2.3933502237776407, 6.160344850696603]
[-10.77734375, 3.8905109088379484, 2.2254292794209354, 2.9241880766372343]
[-11.166015625, 5.61816429846321, 0.7996667861460229, 6.1998718233921455]
[-10.744140625, 5.52632444776097, 0.5305730165879676, 2.982579749792533]
[-11.060546875, 5.352784867681584, 0.927822386857154, 3.1441434336548273]
[-11.1953125, 2.3601835262563764, 7.015217496523595, 6.252373081627813]
[-11.193359375, 0.8338662789573406, 5.389305206245731, 0.09221880360879403]
[-11.140625, 2.234402048492163, 7.083540166867295, 3.1092040351676493]
[-11.251953125, 3.8429226922815793, 5.5620633104092425, 3.1052980959153365]
[-11.26171875, 3.923671449972128, 5.497403443063292, 3.1347435904865013]
[-10.890625, 5.557217392339417, 0.9621300516049126, 3.0006734740173524]
[-11.154296875, 4.02100239379161, 2.3587785522895843, 3.2543320698395317]
[-11.193359375, 5.530287150095554, 3.941194208607879, 0.11617768692759589]
[-11.1328125, 5.559091772154301, 0.9050716137843058, 3.0105276061660717]
[-11.25390625, 0.677670595921529, 5.515453033431521, 0.030270418736147102]
[-10.8984375, 3.942120783987249, 5.569599658143132, 0.2330645957645511]
[-11.177734375, 3.96648908801772, 2.417233556384981, 3.2157258643566453]
[-11.23828125, 5.456019597836677, 0.697941558401027, 3.1377908926327307]
[-10.85546875, 4.116363658060559, 5.596122043205513, 3.3187886930597528]
[-11.0390625, 3.944998324780347, 5.553700704559846, 0.19565070197513088]
[-11.099609375, 2.3756487721003188, 3.8585305155472245, 6.134768684296429]
[-11.048828125, 2.392636558858899, 4.014796847697087, 2.980425585674348]
[-10.21875, 5.442730747411275, 4.312267240219667, 3.2324574453454127]
[-11.162109375, 2.4029211439816143, 0.7984495644643643, 0.12973789023204818]
[-10.94140625, 2.1542240804122463, 3.9724028475857716, 3.1051698911295116]
[-11.27734375, 3.975537703818064, 2.3759736945733447, 3.1007492929185165]
[-11.1328125, 0.8117768604049548, 5.604919011988434, 3.0265054429670166]
[-11.22265625, 0.8956235222536968, 5.489282594304923, 3.1720772094145704]
[-11.24609375, 5.499035246690998, 3.9286909712056746, 3.106515452379344]
[-10.96875, 5.430499601161293, 0.5889760876854285, 3.1059344776220894]
[-11.15625, 5.440161075309341, 3.9919193037013407, 6.1935427794255675]
[-11.27734375, 0.6894541985846011, 2.3731636619962546, 6.319113885812053]
[-11.046875, 0.7932984368784964, 2.177624303937124, 3.14514656809183]
[-11.208984375, 3.927317242447031, 2.238230567299665, 0.0659255347953493]
[-11.310546875, 2.4281909620544764, 0.7502471617761408, 3.1191185162471604]
[-11.09765625, 5.574868540589873, 3.8836077217597755, 6.223634670842442]
[-11.1015625, 3.8388460489011957, 5.465020550502619, 3.014328445660041]
[-10.6953125, 0.5712041305964765, 2.2295082544732887, 6.158275321954589]
[-10.96875, 5.42523893488905, 3.9401712217172293, 2.9555291632156298]
[-11.076171875, 0.8745747964449584, 2.360824478255283, 0.17432330925918435]
[-11.041015625, 5.386080492188167, 3.786073952754826, 0.12331378615367236]
[-11.0625, 3.9935745988553504, 5.551136986275824, 6.157052432524973]
[-11.30078125, 2.2774421299067047, 0.752074383810045, 6.249293378693144]
[-11.29296875, 2.4152429695808975, 7.097908335137758, 3.0923638900809642]
[-11.25, 2.379158919117822, 3.9509413161647764, 6.273214576547772]
[-11.18359375, 2.3700123381005733, 3.974587261186365, 6.191742893609149]
[-10.974609375, 2.3060062062617215, 4.110510372530748, 3.21856970725148]
[-10.728515625, 2.5176533579162546, 4.096483705242684, 6.185213700361265]
[-11.03125, 0.8702731648665504, 5.343245235528321, 0.05235483874745267]
[-11.087890625, 0.8423084656470432, 5.6072700397516515, 0.14527523644449541]
[-11.1953125, 0.8864438265131522, 2.486218840896762, 0.009514872614073086]
[-11.15625, 3.9413119703861756, 5.3533389420932975, 3.0832156927095697]
[-11.095703125, 2.2870617391756567, 4.057223643245089, 3.2913689656125342]
[-11.130859375, 0.7046024086373962, 5.436879223141431, 6.19461891455927]
[-11.28515625, 2.3305379919744644, 0.7488188350487133, 6.218028611447086]
[-10.7734375, 2.606277406275647, 3.9543760649297677, 3.112447277448251]
[-10.69140625, 3.693252463202758, 5.402390491354697, 6.160208203052465]
[-11.265625, 0.7775753987471948, 5.492288581960976, 3.082149318341457]
[-11.216796875, 3.854849269954543, 5.518876527331119, 0.035101972692738403]
[-11.193359375, 2.292577267513823, 3.996243271628622, 3.078057717580998]
[-11.30078125, 0.7162576768960122, 5.493383417659823, 6.268602580215705]
[-10.697265625, 3.909435237845321, 5.607132891306038, 3.3962242298608825]
[-11.115234375, 0.6476238869910922, 2.357923710512365, 3.0227427032288507]
[-11.23046875, 0.7868441879180198, 2.2878663540095596, 0.11422483581546736]
