[-55.166015625, 2.906902426753027, 3.579423048567097, 3.2142105294840895]
[-55.6171875, 2.9542182789238214, 3.5223663685975994, 0.035446565676158316]
[-53.623046875, 3.364500379873941, 5.854539159514549, 3.3767749031968024]
[-55.314453125, 0.1421236912743461, 2.780869170922758, 6.228157269918664]
[-55.470703125, 6.548366023932132, 2.763112806179057, 6.243999940815407]
[-55.4765625, 3.008734848360171, 3.603230239999445, 3.174525026984428]
[-55.673828125, 0.1887190514596959, 5.938891853007302, 3.1414166469740463]
[-54.060546875, 0.40754288088290674, 2.891996405777562, 3.094803131471953]
[-55.640625, 6.062003066615141, 3.465518150020215, 0.011862843614020313]
[-55.41796875, 0.17988639049232608, 5.780094025375061, 6.269685509610079]
[-55.529296875, 3.3491434304252987, 2.7108940911921025, 0.06035138232164291]
[-54.275390625, 3.060925618238746, 0.7337236169041419, 6.195109022212635]
[-55.306640625, 6.528651315592999, 2.748413644056251, 0.07266951662057232]
[-55.548828125, 2.9758334553159793, 3.6225096639447125, 3.14400900635632]
[-54.50390625, 0.08370846195401511, 5.772784274791398, 0.11156737685052819]
[-55.09765625, 2.9968382053928573, 3.740592351475679, 3.0882644640928114]
[-54.330078125, 2.751882402280199, 6.500338678872095, 0.03582255889113857]
[-53.306640625, 3.1857108280531548, 2.091194984380245, 6.344912570844011]
[-55.001953125, 3.3795377857306685, 2.8224245447151937, 3.0182608976064556]
[-55.447265625, 3.3128425627451836, 5.911707860021716, 3.2081298481328275]
[-54.8359375, 2.992266401470963, 6.762694728173322, 6.147334790577861]
[-53.654296875, 3.0828308730427367, 6.623157975711816, 3.2254674587747854]
[-55.46484375, 6.084992257266872, 0.39225242316452347, 6.214395702387952]
[-55.466796875, 3.3981777660479535, 2.8033647266664, 3.124373309370182]
[-54.58203125, 0.17687023700422863, 5.988960295780433, 3.2785530447684774]
[-55.41015625, 3.4075315645436977, 5.966225559717166, 3.155288479883729]
[-54.982421875, 6.4079636195572105, 2.5164959954086386, 3.0794539730720087]
[-55.265625, 3.025166134928567, 0.5718236212480512, 0.030442872913511613]
[-52.77734375, 4.184166168590834, 6.242228459577972, 0.013908919647663921]
[-54.462890625, 3.0496771820956234, 0.8169078793567471, 3.1704666360237956]
[-54.27734375, 6.521920455797185, 6.020132634535186, 2.9690046116544964]
[-53.025390625, 2.7985779162804727, 3.49063810218402, 0.2595455558490842]
[-53.626953125, 3.1751329662525873, 2.2112427787311586, 6.253486994296583]
[-55.28125, 3.3320793072477057, 5.94255792942552, 0.09915521806262859]
[-53.685546875, 2.921203316479507, 3.2875711776111975, 3.307040707175954]
[-55.20703125, 3.023367916775356, 3.6837337899170564, 6.222350558753876]
[-52.947265625, 6.41208144814304, 2.2811272096519337, 3.0612705993503306]
[-55.34765625, 2.8457950698395424, 3.435724320694673, 0.008916924926258967]
[-55.296875, 0.2836803742821718, 2.755603771474472, 6.264374119534645]
[-55.19921875, 2.978097300111529, 3.6804224785467294, 3.1819106004419027]
[-55.150390625, 3.267877551970278, 5.7620345921538165, 6.207437936751207]
[-54.6484375, 0.266072205734582, 5.778740316087726, 0.04583671805130983]
[-54.8984375, 3.05788020894907, 0.5508091506465187, 6.267547195013025]
[-55.458984375, 6.053898714169545, 0.3109972847905835, 6.338074714868842]
[-55.66796875, 6.066798074976941, 0.3713867494306613, 3.111316197961036]
[-55.337890625, 0.2921709321357328, 2.8624337542912492, 3.205653136761499]
[-54.857421875, 3.4563759129212963, 2.8744924406423555, 3.0581271795436678]
[-55.015625, 6.069639753040592, 3.439386738217271, 6.16112742437223]
[-55.294921875, 2.9298201136097513, 6.649481497383824, 6.183787046365155]
[-55.578125, 6.480935035495993, 2.761162798607927, 6.33203055642811]
[-54.564453125, 0.06399837776797754, 5.591411306022858, 3.157579701651603]
[-55.38671875, 2.8837477864228713, 0.3389870143871653, 3.1731232452329245]
[-54.51953125, 2.968236478490258, 3.366222900193023, 3.0286482821750544]
[-55.087890625, 0.15739521071204826, 2.766714633230217, 6.166441920146438]
[-54.640625, 3.0516855134870804, 0.6162307828522329, 3.245429690207164]
[-55.125, 6.0124620038766805, 3.5590843318191365, 3.233458615514297]
[-53.70703125, 6.314681245886432, 5.6118397238340485, 0.07211688868045744]
[-55.486328125, 6.089734761795187, 0.46853493131319224, 3.167182465338469]
[-55.08984375, 3.3706747393432823, 2.9171694246293116, 6.244948925587024]
[-55.560546875, 0.24206793839100127, 5.976002113082709, 3.115997997372267]
[-54.712890625, 3.20689895964747, 5.707554358291687, 6.299299420616824]
[-53.736328125, 3.4536442864822763, 6.037788691491466, 6.102628364041768]
[-54.62890625, 3.060765974666964, 0.7928920273830684, 6.29679863783071]
[-55.49609375, 2.8749419647244188, 0.3442343866190504, 3.1318174805464727]
[-55.494140625, 3.368482063302984, 5.87526345497167, 3.1296556318514255]
[-55.51171875, 0.1336429374518992, 5.848764630153339, 6.263376398622886]
[-54.5078125, 3.2353394262936934, 5.622879715389113, 0.09394455675138404]
[-55.544921875, 2.878743759988295, 3.503466961090622, 3.108930080089149]
[-55.423828125, 6.422865749099731, 5.883496372942934, 3.1883930043087005]
[-55.2734375, 3.3933250953206167, 6.062176492808388, 3.1170419290646727]
[-55.283203125, 6.1643424927869965, 6.79901582527709, 6.3285598271725245]
[-55.455078125, 3.3218893130753466, 5.792593987679662, 6.308155702910635]
[-55.66015625, 6.450682336362557, 2.6842453810550104, 0.004014369094519981]
[-55.388671875, 6.026263543864396, 0.2911530945196328, 3.09786182213931]
[-54.845703125, 3.021720345030324, 0.5960351624526852, 0.06303716095382501]
[-55.6875, 6.069476494581729, 3.5354770489100638, 3.109039288797056]
[-54.78125, 3.2859178878590374, 2.564570095269789, 6.170239222516848]
[-54.90234375, 3.437717971606625, 6.096562244231022, 3.1102623873037296]
[-55.330078125, 6.413809887116718, 5.710016594803984, 3.155359029726474]
[-54.091796875, 5.947568355568121, 0.11551137560128881, 6.187880701733066]
[-55.185546875, 6.148694497404515, 0.527108800292024, 3.0670473288624263]
[-55.34375, 6.013465292493316, 0.3499065095539896, 3.0718641213729025]
[-55.52734375, 2.9762615590208594, 0.45720831885014995, 3.179506096942183]
[-55.55078125, 6.097768403970046, 3.449348272815286, 3.132206823280899]
[-55.5546875, 6.5287459887946735, 5.999036094643084, 6.268537416806368]
[-55.3828125, 6.050275465586052, 0.3980624330062586, 6.243438302521614]
[-55.501953125, 3.3603585209150446, 2.748219950501251, 0.06714531281391953]
[-55.080078125, 6.058752447472442, 3.47328203921769, 3.277544506779776]
[-55.330078125, 2.8601840250837847, 0.27129964643961946, 3.0972263632331845]
[-55.43359375, 3.2758738639544083, 5.917752648694642, 3.1562129420757334]
[-54.802734375, 6.059247972027498, 0.2028022192259048, 6.374966522863879]
[-55.345703125, 6.063308057407082, 0.3519761993801076, 0.09410865041318969]
[-55.353515625, 6.075017348582005, 0.2622289162409533, 3.138703275466807]
[-55.404296875, 2.9058945743589937, 0.3315772113212599, 6.192467229692925]
[-55.01953125, 2.891242788659151, 3.51740392195366, 0.12411326758689113]
[-54.603515625, 3.3573754592370593, 2.5757351518225784, 6.292497753530991]
[-55.5, 0.14620408642104032, 2.7436817889657434, 3.1869748071110737]
[-54.9609375, 0.3386620331712194, 2.8739039353598703, 6.265051828441874]
[-54.447265625, 2.907252523180664, 3.6945514806455027, 3.141214587977288]
[-55.607421875, 0.2531374770976986, 5.962161176820764, 3.1352509386601723]
