[-52.865234375, 6.445119310396106, 5.387983495473937, 3.1460408516409735]
[-53.208984375, 4.666030062115711, 3.0541160838213934, 5.403399934797346]
[-53.1328125, 4.735935268167549, 3.112696432661212, 2.4108262915374916]
[-53.244140625, 2.5976969458195307, 6.101655713126593, 6.223695385974264]
[-52.900390625, 2.5714371593890046, 2.9706218452112685, 2.9610842064597023]
[-53.041015625, 4.7277686445267335, 1.5210394431602219, 1.512245362079]
[-52.861328125, 3.3506486109096785, 2.5789127280921194, 6.120924838855219]
[-53.1484375, 1.6340247681921616, 6.300595906815997, 5.386652001822222]
[-53.158203125, 3.6071532209561443, 6.408198640225405, 3.01472335717712]
[-53.041015625, 4.736123528373525, 4.777224921721834, 1.4954880949615166]
[-53.2890625, 2.5152376018720046, 3.0486932492551366, 6.120969166731841]
[-53.12109375, 4.720660626158797, 3.1547902647291113, 2.0181847549858465]
[-53.0625, 6.581826079104381, 5.658021234953308, 6.170545418979165]
[-53.03125, 4.769171106408888, 3.157715568539111, 2.174721416539386]
[-53.23046875, 4.6688827799519395, 6.249098639758863, 5.460939128390982]
[-53.1015625, 6.515132416736475, 2.4348335359923587, 3.1231505788566443]
[-52.78515625, 4.7362711289339385, 5.1614144925148935, 1.5285044934088228]
[-52.994140625, 3.6896944116537145, 3.4178059056763246, 3.0511416718460174]
[-52.943359375, 4.692344033191799, 6.342882625538203, 2.7991366875497503]
[-53.21484375, 1.60273042988762, 3.1695875530983884, 5.899235374054432]
[-53.01953125, 2.6663325589909186, 6.117248845821737, 3.0410384734806195]
[-53.12890625, 4.739178721101525, 6.383747702690945, 5.551751219975931]
[-52.90625, 3.4523482215226453, 2.541332580311147, 0.005992225360102415]
[-53.03515625, 4.722927034517331, 6.338310795734765, 5.543695875087724]
[-53.046875, 1.5807658060038097, 6.136368540661518, 5.219134255748178]
[-52.826171875, 1.6032748162630492, 0.17269369385273697, 1.9213237196974602]
[-52.953125, 1.4971576865506504, 3.1470677545927344, 2.4466612411083473]
[-53.154296875, 4.659061164596798, 3.0813921448394193, 2.7890487944431115]
[-53.169921875, 1.5912860026661768, 6.2896526305254365, 5.676270991949009]
[-52.8984375, 4.108837389587279, 3.192239914412064, 6.250992485170313]
[-52.9765625, 2.994665785550404, 3.50998072967765, 6.152328692942424]
[-53.048828125, 2.8057690960799397, 0.09433685608750575, 6.130245094873252]
[-53.11328125, 5.680359093345251, 6.1937843410231395, 3.06169184230073]
[-52.953125, 5.853233760142749, 3.1119031182258796, 6.286943119887891]
[-53.142578125, 4.733427567228733, 6.343232507638695, 5.2777666729965675]
[-52.978515625, 0.1751469272344451, 5.844806908498209, 6.169037254560166]
[-52.888671875, 1.5816441439012756, 2.205182227107162, 1.4258384403516708]
[-53.1640625, 5.859334535810734, 6.153689062773718, 6.106804890922617]
[-52.978515625, 4.7319467930483, 4.1776829672125135, 4.6158723549531455]
[-52.955078125, 3.932966545063797, 3.172181830238062, 2.8514681776776865]
[-53.095703125, 5.716172102237823, 6.060420237636912, 0.004570744023157888]
[-53.111328125, 6.786557858959285, 3.392158862063249, 2.9889438175976872]
[-53.044921875, 5.661048501201835, 6.108351170450938, 0.011977506529332842]
[-53.103515625, 1.336888711839762, 0.2611288229739482, 6.361194894638336]
[-53.06640625, 0.5254343440261736, 6.39861231561493, 3.084298358353617]
[-53.12890625, 6.147267447458566, 3.4223297545037514, 6.1903814469301786]
[-52.9609375, 3.914432271898117, 3.1391665805113256, 6.036334807432752]
[-53.08203125, 4.75495332585566, 3.158782064245494, 2.3972122626672365]
[-52.91796875, 1.4019753184006003, 0.14357225962376277, 0.0471613276486197]
[-53.162109375, 4.677687139296749, 3.024238921528698, 2.187387062149618]
[-53.134765625, 4.716908433192655, 0.11278790336858222, 5.368720652948653]
[-52.986328125, 3.453222374098642, 3.1502719271576365, 3.0958053267222843]
[-52.984375, 4.792341411500975, 6.296704220789278, 5.769092624103202]
[-53.056640625, 0.640202413153831, 0.21358735370863086, 3.133482963640184]
[-53.150390625, 3.6176177973367647, 3.2865325346014846, 6.239736190940246]
[-52.849609375, 2.082653300849615, 3.0280282083187537, 3.132358405790763]
[-53.142578125, 3.0095294303820537, 3.675518767484674, 3.046700894935842]
[-53.134765625, 0.5165964218327298, 6.394135544334367, 3.1042913849706615]
[-53.07421875, 4.657071066044518, 3.1288518461661297, 5.633195462151601]
[-53.16015625, 1.5827151071456629, 0.054994797051000174, 2.469375236514096]
[-53.212890625, 1.6348421401996809, 3.2604940430616267, 5.890420117121416]
[-53.056640625, 0.3032780495043906, 5.596374369636592, 3.0625042222938195]
[-52.95703125, 3.7718189212436264, 3.2483272234854152, 2.852330330605114]
[-53.12890625, 4.702797328893613, 3.213027753640931, 5.4766912284891305]
[-53.009765625, 3.6628066667919823, 3.380194897604024, 3.0523082941581157]
[-53.10546875, 0.4565953765994033, 0.08498865137241203, 3.044724502420374]
[-52.91015625, 3.4568657524365247, 3.100605174219503, 6.181737453751983]
[-53.09765625, 3.04749066111744, 0.5103761714939269, 3.0793457059440694]
[-53.12890625, 4.718501413679001, 3.1296060909210475, 5.466954935666278]
[-52.962890625, 0.29973357279242197, 3.2546629029710816, 6.199130777178354]
[-52.8515625, 1.555134304830407, 2.1322552760260134, 4.62725269444182]
[-52.984375, 5.773883083047836, 2.9485980085862424, 2.9940154779535693]
[-53.103515625, 0.48431548939201613, 0.09706924654229589, 6.1573038001573375]
[-53.037109375, 1.6034988656847007, 6.302433386074843, 2.2122044767570315]
[-52.9140625, 3.7529013324742775, 0.24748120969556006, 0.033579991638717964]
[-52.98046875, 1.575534473258781, 3.1162423105404495, 2.909437738287428]
[-53.029296875, 4.77858396935791, 3.2419472776459712, 2.6850376115887533]
[-53.23828125, 3.642466260985322, 3.2736999329994676, 2.9824719989497486]
[-52.99609375, 0.61835721679266, 3.231829505129345, 2.990929667631237]
[-53.060546875, 3.7668352473349898, 3.3473038548356775, 3.0542644408918727]
[-52.90234375, 4.68637836473424, 3.167577044200285, 2.1410795452028752]
[-52.896484375, 4.577232789748674, 3.09179598679382, 2.939637500355434]
[-53.130859375, 3.6459603924974227, 6.438705237984805, 3.051580427110778]
[-52.814453125, 4.613684746426092, 2.9256303352007818, 2.737993963714722]
[-53.095703125, 5.727118036436099, 3.0141490135004547, 2.996277495660747]
[-53.125, 3.693897853509708, 6.398547676961435, 0.01575267342628883]
[-53.20703125, 0.5224684868142183, 3.2995158591645684, 6.22359491528152]
[-53.076171875, 4.72069145514013, 0.11228138712490648, 2.50275689512505]
[-53.201171875, 4.701288443522105, 3.174246103803617, 5.751891376619016]
[-52.947265625, 1.5110192738821568, 3.160447445559394, 2.841388275815275]
[-52.810546875, 5.0376438681576206, 3.2984422105075426, 3.1607309009783995]
[-53.06640625, 4.654489424880013, 6.111146820757497, 5.217100188610694]
[-53.201171875, 2.8892171210137767, 3.7045373831013944, 6.211936218269239]
[-53.07421875, 2.632584626122018, 3.050065945809334, 6.187324178772421]
[-52.958984375, 4.73667527648875, 3.0558108365167396, 5.500246511452994]
[-52.89453125, 2.5909318605781864, 2.8943084280018474, 2.9548589315176166]
[-52.814453125, 4.70378982232236, 3.4800402145141316, 1.6281467359673798]
[-53.0, 0.3567760976973536, 3.250192480246465, 6.187357860193319]
[-52.953125, 4.6254473839157635, 3.140865807096628, 5.650171541496658]
[-53.1015625, 3.6349480335803674, 3.274277381036093, 3.0810861023844835]
